(1,1)	23088
(1,2)	13765
(1,2006)	955
(1,2007)	1167
(1,2008)	1154
(1,2009)	1087
(1,2010)	1810
(1,2011)	1384
(1,3)	8044
(1,4)	6023
(1,age)	695
(1,american)	1080
(1,april)	1146
(1,city)	474
(1,county)	356
(1,first)	472
(1,history)	347
(1,i)	1290
(1,january)	1615
(1,john)	345
(1,known)	77
(1,made)	106
(1,march)	1068
(1,national)	203
(1,north)	216
(1,october)	845
(1,other)	929
(1,p)	1626
(1,part)	569
(1,people)	1327
(1,population)	1715
(1,quot)	3144
(1,s)	2321
(1,school)	171
(1,september)	842
(1,south)	269
(1,state)	237
(1,states)	375
(1,this)	564
(1,three)	162
(1,time)	342
(1,two)	871
(1,united)	926
(1,university)	304
(1,used)	123
(1,war)	156
(1,world)	559
(1,year)	472
(1,years)	448
(1,york)	465
(2,1)	13765
(2,2)	15950
(2,2006)	682
(2,2007)	781
(2,2008)	871
(2,2009)	885
(2,2010)	1377
(2,2011)	1141
(2,3)	8393
(2,4)	5399
(2,age)	688
(2,american)	596
(2,april)	672
(2,city)	550
(2,county)	941
(2,first)	315
(2,history)	302
(2,i)	662
(2,january)	775
(2,john)	257
(2,known)	72
(2,made)	88
(2,march)	798
(2,national)	134
(2,north)	178
(2,october)	554
(2,other)	542
(2,p)	1151
(2,part)	483
(2,people)	831
(2,population)	1076
(2,quot)	3352
(2,s)	1984
(2,school)	140
(2,september)	708
(2,south)	209
(2,state)	178
(2,states)	369
(2,this)	489
(2,three)	115
(2,time)	249
(2,two)	585
(2,united)	403
(2,university)	212
(2,used)	120
(2,war)	148
(2,world)	317
(2,year)	262
(2,years)	482
(2,york)	268
(2006,1)	955
(2006,2)	682
(2006,2006)	1314
(2006,2007)	859
(2006,2008)	511
(2006,2009)	408
(2006,2010)	525
(2006,2011)	430
(2006,3)	524
(2006,4)	438
(2006,age)	31
(2006,american)	242
(2006,april)	720
(2006,city)	112
(2006,county)	64
(2006,first)	123
(2006,history)	166
(2006,i)	71
(2006,january)	573
(2006,john)	120
(2006,known)	21
(2006,made)	46
(2006,march)	620
(2006,national)	154
(2006,north)	66
(2006,october)	747
(2006,other)	61
(2006,p)	490
(2006,part)	54
(2006,people)	71
(2006,population)	129
(2006,quot)	1083
(2006,s)	732
(2006,school)	87
(2006,september)	730
(2006,south)	45
(2006,state)	117
(2006,states)	133
(2006,this)	196
(2006,three)	53
(2006,time)	138
(2006,two)	86
(2006,united)	150
(2006,university)	408
(2006,used)	30
(2006,war)	55
(2006,world)	282
(2006,year)	148
(2006,years)	63
(2006,york)	261
(2007,1)	1167
(2007,2)	781
(2007,2006)	859
(2007,2007)	2142
(2007,2008)	1076
(2007,2009)	607
(2007,2010)	792
(2007,2011)	587
(2007,3)	653
(2007,4)	612
(2007,age)	33
(2007,american)	265
(2007,april)	1159
(2007,city)	213
(2007,county)	137
(2007,first)	210
(2007,history)	284
(2007,i)	108
(2007,january)	965
(2007,john)	136
(2007,known)	17
(2007,made)	58
(2007,march)	1070
(2007,national)	171
(2007,north)	105
(2007,october)	1167
(2007,other)	119
(2007,p)	459
(2007,part)	53
(2007,people)	86
(2007,population)	111
(2007,quot)	1300
(2007,s)	850
(2007,school)	114
(2007,september)	1224
(2007,south)	69
(2007,state)	154
(2007,states)	171
(2007,this)	264
(2007,three)	71
(2007,time)	154
(2007,two)	118
(2007,united)	225
(2007,university)	471
(2007,used)	45
(2007,war)	75
(2007,world)	284
(2007,year)	195
(2007,years)	109
(2007,york)	315
(2008,1)	1154
(2008,2)	871
(2008,2006)	511
(2008,2007)	1076
(2008,2008)	2768
(2008,2009)	1095
(2008,2010)	1071
(2008,2011)	633
(2008,3)	703
(2008,4)	655
(2008,age)	40
(2008,american)	217
(2008,april)	1347
(2008,city)	228
(2008,county)	118
(2008,first)	233
(2008,history)	309
(2008,i)	113
(2008,january)	1193
(2008,john)	182
(2008,known)	27
(2008,made)	54
(2008,march)	1121
(2008,national)	220
(2008,north)	81
(2008,october)	1330
(2008,other)	161
(2008,p)	424
(2008,part)	57
(2008,people)	108
(2008,population)	91
(2008,quot)	1292
(2008,s)	951
(2008,school)	131
(2008,september)	1261
(2008,south)	62
(2008,state)	149
(2008,states)	171
(2008,this)	285
(2008,three)	60
(2008,time)	160
(2008,two)	126
(2008,united)	219
(2008,university)	412
(2008,used)	44
(2008,war)	88
(2008,world)	370
(2008,year)	237
(2008,years)	100
(2008,york)	329
(2009,1)	1087
(2009,2)	885
(2009,2006)	408
(2009,2007)	607
(2009,2008)	1095
(2009,2009)	3120
(2009,2010)	1670
(2009,2011)	847
(2009,3)	823
(2009,4)	612
(2009,age)	46
(2009,american)	216
(2009,april)	1348
(2009,city)	249
(2009,county)	141
(2009,first)	202
(2009,history)	274
(2009,i)	100
(2009,january)	1448
(2009,john)	185
(2009,known)	31
(2009,made)	62
(2009,march)	1283
(2009,national)	166
(2009,north)	68
(2009,october)	1402
(2009,other)	139
(2009,p)	296
(2009,part)	71
(2009,people)	114
(2009,population)	122
(2009,quot)	1261
(2009,s)	844
(2009,school)	152
(2009,september)	1516
(2009,south)	82
(2009,state)	166
(2009,states)	147
(2009,this)	314
(2009,three)	64
(2009,time)	156
(2009,two)	105
(2009,united)	197
(2009,university)	394
(2009,used)	36
(2009,war)	83
(2009,world)	292
(2009,year)	191
(2009,years)	107
(2009,york)	307
(2010,1)	1810
(2010,2)	1377
(2010,2006)	525
(2010,2007)	792
(2010,2008)	1071
(2010,2009)	1670
(2010,2010)	4930
(2010,2011)	1695
(2010,3)	1163
(2010,4)	914
(2010,age)	76
(2010,american)	310
(2010,april)	2238
(2010,city)	495
(2010,county)	274
(2010,first)	259
(2010,history)	465
(2010,i)	96
(2010,january)	2058
(2010,john)	186
(2010,known)	44
(2010,made)	70
(2010,march)	1881
(2010,national)	264
(2010,north)	108
(2010,october)	1998
(2010,other)	168
(2010,p)	307
(2010,part)	85
(2010,people)	138
(2010,population)	742
(2010,quot)	1347
(2010,s)	1172
(2010,school)	184
(2010,september)	2682
(2010,south)	92
(2010,state)	267
(2010,states)	602
(2010,this)	378
(2010,three)	64
(2010,time)	182
(2010,two)	153
(2010,united)	592
(2010,university)	424
(2010,used)	57
(2010,war)	82
(2010,world)	452
(2010,year)	272
(2010,years)	129
(2010,york)	355
(2011,1)	1384
(2011,2)	1141
(2011,2006)	430
(2011,2007)	587
(2011,2008)	633
(2011,2009)	847
(2011,2010)	1695
(2011,2011)	5232
(2011,3)	906
(2011,4)	838
(2011,age)	45
(2011,american)	247
(2011,april)	2333
(2011,city)	293
(2011,county)	264
(2011,first)	280
(2011,history)	356
(2011,i)	97
(2011,january)	1956
(2011,john)	173
(2011,known)	45
(2011,made)	69
(2011,march)	2161
(2011,national)	249
(2011,north)	98
(2011,october)	2364
(2011,other)	203
(2011,p)	231
(2011,part)	94
(2011,people)	130
(2011,population)	163
(2011,quot)	1571
(2011,s)	1044
(2011,school)	186
(2011,september)	2302
(2011,south)	95
(2011,state)	193
(2011,states)	288
(2011,this)	371
(2011,three)	80
(2011,time)	180
(2011,two)	154
(2011,united)	380
(2011,university)	481
(2011,used)	58
(2011,war)	97
(2011,world)	363
(2011,year)	331
(2011,years)	135
(2011,york)	271
(3,1)	8044
(3,2)	8393
(3,2006)	524
(3,2007)	653
(3,2008)	703
(3,2009)	823
(3,2010)	1163
(3,2011)	906
(3,3)	9654
(3,4)	5724
(3,age)	823
(3,american)	438
(3,april)	673
(3,city)	647
(3,county)	329
(3,first)	261
(3,history)	224
(3,i)	309
(3,january)	944
(3,john)	212
(3,known)	43
(3,made)	62
(3,march)	997
(3,national)	126
(3,north)	137
(3,october)	589
(3,other)	339
(3,p)	774
(3,part)	204
(3,people)	577
(3,population)	793
(3,quot)	2371
(3,s)	1416
(3,school)	125
(3,september)	666
(3,south)	162
(3,state)	124
(3,states)	237
(3,this)	351
(3,three)	107
(3,time)	186
(3,two)	337
(3,united)	244
(3,university)	166
(3,used)	81
(3,war)	87
(3,world)	168
(3,year)	229
(3,years)	492
(3,york)	292
(4,1)	6023
(4,2)	5399
(4,2006)	438
(4,2007)	612
(4,2008)	655
(4,2009)	612
(4,2010)	914
(4,2011)	838
(4,3)	5724
(4,4)	5530
(4,age)	868
(4,american)	373
(4,april)	721
(4,city)	171
(4,county)	192
(4,first)	195
(4,history)	162
(4,i)	175
(4,january)	594
(4,john)	138
(4,known)	40
(4,made)	60
(4,march)	903
(4,national)	109
(4,north)	116
(4,october)	533
(4,other)	289
(4,p)	575
(4,part)	121
(4,people)	481
(4,population)	698
(4,quot)	1879
(4,s)	898
(4,school)	120
(4,september)	473
(4,south)	115
(4,state)	104
(4,states)	178
(4,this)	264
(4,three)	74
(4,time)	184
(4,two)	246
(4,united)	184
(4,university)	123
(4,used)	60
(4,war)	67
(4,world)	125
(4,year)	211
(4,years)	383
(4,york)	209
(age,1)	695
(age,2)	688
(age,2006)	31
(age,2007)	33
(age,2008)	40
(age,2009)	46
(age,2010)	76
(age,2011)	45
(age,3)	823
(age,4)	868
(age,age)	208
(age,american)	24
(age,april)	30
(age,city)	51
(age,county)	35
(age,first)	104
(age,history)	108
(age,i)	31
(age,january)	31
(age,john)	21
(age,known)	20
(age,made)	24
(age,march)	28
(age,national)	19
(age,north)	12
(age,october)	35
(age,other)	31
(age,p)	71
(age,part)	24
(age,people)	98
(age,population)	110
(age,quot)	435
(age,s)	262
(age,school)	113
(age,september)	19
(age,south)	5
(age,state)	9
(age,states)	21
(age,this)	126
(age,three)	53
(age,time)	47
(age,two)	45
(age,united)	12
(age,university)	38
(age,used)	19
(age,war)	26
(age,world)	39
(age,year)	45
(age,years)	4729
(age,york)	40
(american,1)	1080
(american,2)	596
(american,2006)	242
(american,2007)	265
(american,2008)	217
(american,2009)	216
(american,2010)	310
(american,2011)	247
(american,3)	438
(american,4)	373
(american,age)	24
(american,american)	5398
(american,april)	218
(american,city)	147
(american,county)	74
(american,first)	481
(american,history)	601
(american,i)	73
(american,january)	198
(american,john)	319
(american,known)	124
(american,made)	78
(american,march)	165
(american,national)	206
(american,north)	789
(american,october)	186
(american,other)	251
(american,p)	129
(american,part)	60
(american,people)	806
(american,population)	74
(american,quot)	1560
(american,s)	1092
(american,school)	132
(american,september)	185
(american,south)	266
(american,state)	120
(american,states)	457
(american,this)	131
(american,three)	64
(american,time)	123
(american,two)	120
(american,united)	453
(american,university)	309
(american,used)	67
(american,war)	1110
(american,world)	233
(american,year)	82
(american,years)	73
(american,york)	257
(april,1)	1146
(april,2)	672
(april,2006)	720
(april,2007)	1159
(april,2008)	1347
(april,2009)	1348
(april,2010)	2238
(april,2011)	2333
(april,3)	673
(april,4)	721
(april,age)	30
(april,american)	218
(april,april)	1178
(april,city)	131
(april,county)	102
(april,first)	149
(april,history)	133
(april,i)	67
(april,january)	324
(april,john)	86
(april,known)	18
(april,made)	40
(april,march)	526
(april,national)	110
(april,north)	46
(april,october)	318
(april,other)	83
(april,p)	231
(april,part)	39
(april,people)	88
(april,population)	24
(april,quot)	905
(april,s)	420
(april,school)	53
(april,september)	336
(april,south)	33
(april,state)	80
(april,states)	123
(april,this)	173
(april,three)	49
(april,time)	120
(april,two)	87
(april,united)	115
(april,university)	139
(april,used)	14
(april,war)	89
(april,world)	95
(april,year)	107
(april,years)	61
(april,york)	218
(city,1)	474
(city,2)	550
(city,2006)	112
(city,2007)	213
(city,2008)	228
(city,2009)	249
(city,2010)	495
(city,2011)	293
(city,3)	647
(city,4)	171
(city,age)	51
(city,american)	147
(city,april)	131
(city,city)	2280
(city,county)	1012
(city,first)	309
(city,history)	376
(city,i)	97
(city,january)	139
(city,john)	58
(city,known)	165
(city,made)	72
(city,march)	116
(city,national)	152
(city,north)	379
(city,october)	118
(city,other)	221
(city,p)	89
(city,part)	282
(city,people)	187
(city,population)	1440
(city,quot)	1525
(city,s)	2422
(city,school)	308
(city,september)	135
(city,south)	352
(city,state)	376
(city,states)	802
(city,this)	303
(city,three)	115
(city,time)	129
(city,two)	205
(city,united)	328
(city,university)	286
(city,used)	56
(city,war)	68
(city,world)	164
(city,year)	125
(city,years)	84
(city,york)	2622
(county,1)	356
(county,2)	941
(county,2006)	64
(county,2007)	137
(county,2008)	118
(county,2009)	141
(county,2010)	274
(county,2011)	264
(county,3)	329
(county,4)	192
(county,age)	35
(county,american)	74
(county,april)	102
(county,city)	1012
(county,county)	10562
(county,first)	136
(county,history)	603
(county,i)	56
(county,january)	114
(county,john)	64
(county,known)	59
(county,made)	29
(county,march)	106
(county,national)	195
(county,north)	1031
(county,october)	57
(county,other)	109
(county,p)	44
(county,part)	420
(county,people)	333
(county,population)	755
(county,quot)	546
(county,s)	1177
(county,school)	470
(county,september)	59
(county,south)	994
(county,state)	863
(county,states)	1324
(county,this)	127
(county,three)	82
(county,time)	61
(county,two)	141
(county,united)	1255
(county,university)	99
(county,used)	32
(county,war)	60
(county,world)	25
(county,year)	50
(county,years)	48
(county,york)	581
(first,1)	472
(first,2)	315
(first,2006)	123
(first,2007)	210
(first,2008)	233
(first,2009)	202
(first,2010)	259
(first,2011)	280
(first,3)	261
(first,4)	195
(first,age)	104
(first,american)	481
(first,april)	149
(first,city)	309
(first,county)	136
(first,first)	574
(first,history)	511
(first,i)	254
(first,january)	162
(first,john)	183
(first,known)	307
(first,made)	399
(first,march)	154
(first,national)	231
(first,north)	146
(first,october)	178
(first,other)	155
(first,p)	203
(first,part)	275
(first,people)	114
(first,population)	30
(first,quot)	2476
(first,s)	3581
(first,school)	316
(first,september)	148
(first,south)	108
(first,state)	244
(first,states)	192
(first,this)	1045
(first,three)	512
(first,time)	1756
(first,two)	962
(first,united)	349
(first,university)	219
(first,used)	360
(first,war)	831
(first,world)	975
(first,year)	636
(first,years)	631
(first,york)	112
(history,1)	347
(history,2)	302
(history,2006)	166
(history,2007)	284
(history,2008)	309
(history,2009)	274
(history,2010)	465
(history,2011)	356
(history,3)	224
(history,4)	162
(history,age)	108
(history,american)	601
(history,april)	133
(history,city)	376
(history,county)	603
(history,first)	511
(history,history)	1850
(history,i)	133
(history,january)	115
(history,john)	211
(history,known)	119
(history,made)	60
(history,march)	141
(history,national)	202
(history,north)	155
(history,october)	80
(history,other)	104
(history,p)	293
(history,part)	121
(history,people)	198
(history,population)	93
(history,quot)	1636
(history,s)	1555
(history,school)	128
(history,september)	113
(history,south)	138
(history,state)	242
(history,states)	318
(history,this)	218
(history,three)	40
(history,time)	215
(history,two)	76
(history,united)	358
(history,university)	417
(history,used)	42
(history,war)	276
(history,world)	376
(history,year)	111
(history,years)	173
(history,york)	179
(i,1)	1290
(i,2)	662
(i,2006)	71
(i,2007)	108
(i,2008)	113
(i,2009)	100
(i,2010)	96
(i,2011)	97
(i,3)	309
(i,4)	175
(i,age)	31
(i,american)	73
(i,april)	67
(i,city)	97
(i,county)	56
(i,first)	254
(i,history)	133
(i,i)	6200
(i,january)	65
(i,john)	158
(i,known)	112
(i,made)	135
(i,march)	64
(i,national)	42
(i,north)	114
(i,october)	54
(i,other)	182
(i,p)	675
(i,part)	258
(i,people)	159
(i,population)	63
(i,quot)	6464
(i,s)	1804
(i,school)	73
(i,september)	54
(i,south)	97
(i,state)	158
(i,states)	140
(i,this)	605
(i,three)	95
(i,time)	238
(i,two)	164
(i,united)	101
(i,university)	98
(i,used)	150
(i,war)	1480
(i,world)	1446
(i,year)	66
(i,years)	135
(i,york)	101
(january,1)	1615
(january,2)	775
(january,2006)	573
(january,2007)	965
(january,2008)	1193
(january,2009)	1448
(january,2010)	2058
(january,2011)	1956
(january,3)	944
(january,4)	594
(january,age)	31
(january,american)	198
(january,april)	324
(january,city)	139
(january,county)	114
(january,first)	162
(january,history)	115
(january,i)	65
(january,january)	1252
(january,john)	133
(january,known)	17
(january,made)	39
(january,march)	363
(january,national)	67
(january,north)	28
(january,october)	272
(january,other)	69
(january,p)	175
(january,part)	40
(january,people)	39
(january,population)	27
(january,quot)	824
(january,s)	403
(january,school)	48
(january,september)	290
(january,south)	44
(january,state)	98
(january,states)	141
(january,this)	143
(january,three)	31
(january,time)	91
(january,two)	66
(january,united)	146
(january,university)	98
(january,used)	23
(january,war)	60
(january,world)	87
(january,year)	117
(january,years)	56
(january,york)	214
(john,1)	345
(john,2)	257
(john,2006)	120
(john,2007)	136
(john,2008)	182
(john,2009)	185
(john,2010)	186
(john,2011)	173
(john,3)	212
(john,4)	138
(john,age)	21
(john,american)	319
(john,april)	86
(john,city)	58
(john,county)	64
(john,first)	183
(john,history)	211
(john,i)	158
(john,january)	133
(john,john)	2264
(john,known)	70
(john,made)	55
(john,march)	117
(john,national)	62
(john,north)	76
(john,october)	96
(john,other)	91
(john,p)	331
(john,part)	32
(john,people)	62
(john,population)	7
(john,quot)	1682
(john,s)	1772
(john,school)	145
(john,september)	77
(john,south)	57
(john,state)	86
(john,states)	113
(john,this)	97
(john,three)	39
(john,time)	62
(john,two)	84
(john,united)	123
(john,university)	216
(john,used)	36
(john,war)	103
(john,world)	91
(john,year)	62
(john,years)	62
(john,york)	161
(known,1)	77
(known,2)	72
(known,2006)	21
(known,2007)	17
(known,2008)	27
(known,2009)	31
(known,2010)	44
(known,2011)	45
(known,3)	43
(known,4)	40
(known,age)	20
(known,american)	124
(known,april)	18
(known,city)	165
(known,county)	59
(known,first)	307
(known,history)	119
(known,i)	112
(known,january)	17
(known,john)	70
(known,known)	22
(known,made)	86
(known,march)	20
(known,national)	51
(known,north)	69
(known,october)	24
(known,other)	186
(known,p)	58
(known,part)	41
(known,people)	98
(known,population)	23
(known,quot)	2352
(known,s)	900
(known,school)	82
(known,september)	30
(known,south)	49
(known,state)	88
(known,states)	59
(known,this)	595
(known,three)	82
(known,time)	161
(known,two)	121
(known,united)	46
(known,university)	80
(known,used)	58
(known,war)	96
(known,world)	137
(known,year)	68
(known,years)	56
(known,york)	27
(made,1)	106
(made,2)	88
(made,2006)	46
(made,2007)	58
(made,2008)	54
(made,2009)	62
(made,2010)	70
(made,2011)	69
(made,3)	62
(made,4)	60
(made,age)	24
(made,american)	78
(made,april)	40
(made,city)	72
(made,county)	29
(made,first)	399
(made,history)	60
(made,i)	135
(made,january)	39
(made,john)	55
(made,known)	86
(made,made)	54
(made,march)	28
(made,national)	51
(made,north)	31
(made,october)	38
(made,other)	171
(made,p)	43
(made,part)	82
(made,people)	71
(made,population)	27
(made,quot)	869
(made,s)	671
(made,school)	20
(made,september)	36
(made,south)	45
(made,state)	59
(made,states)	62
(made,this)	507
(made,three)	111
(made,time)	145
(made,two)	216
(made,united)	52
(made,university)	18
(made,used)	38
(made,war)	81
(made,world)	88
(made,year)	92
(made,years)	84
(made,york)	24
(march,1)	1068
(march,2)	798
(march,2006)	620
(march,2007)	1070
(march,2008)	1121
(march,2009)	1283
(march,2010)	1881
(march,2011)	2161
(march,3)	997
(march,4)	903
(march,age)	28
(march,american)	165
(march,april)	526
(march,city)	116
(march,county)	106
(march,first)	154
(march,history)	141
(march,i)	64
(march,january)	363
(march,john)	117
(march,known)	20
(march,made)	28
(march,march)	1212
(march,national)	85
(march,north)	57
(march,october)	293
(march,other)	61
(march,p)	184
(march,part)	37
(march,people)	47
(march,population)	21
(march,quot)	1127
(march,s)	542
(march,school)	29
(march,september)	305
(march,south)	56
(march,state)	96
(march,states)	112
(march,this)	155
(march,three)	62
(march,time)	91
(march,two)	74
(march,united)	135
(march,university)	122
(march,used)	19
(march,war)	78
(march,world)	108
(march,year)	105
(march,years)	71
(march,york)	225
(national,1)	203
(national,2)	134
(national,2006)	154
(national,2007)	171
(national,2008)	220
(national,2009)	166
(national,2010)	264
(national,2011)	249
(national,3)	126
(national,4)	109
(national,age)	19
(national,american)	206
(national,april)	110
(national,city)	152
(national,county)	195
(national,first)	231
(national,history)	202
(national,i)	42
(national,january)	67
(national,john)	62
(national,known)	51
(national,made)	51
(national,march)	85
(national,national)	1096
(national,north)	75
(national,october)	72
(national,other)	142
(national,p)	69
(national,part)	313
(national,people)	89
(national,population)	45
(national,quot)	1085
(national,s)	1135
(national,school)	207
(national,september)	90
(national,south)	106
(national,state)	227
(national,states)	334
(national,this)	126
(national,three)	79
(national,time)	68
(national,two)	103
(national,united)	393
(national,university)	424
(national,used)	31
(national,war)	106
(national,world)	123
(national,year)	108
(national,years)	45
(national,york)	60
(north,1)	216
(north,2)	178
(north,2006)	66
(north,2007)	105
(north,2008)	81
(north,2009)	68
(north,2010)	108
(north,2011)	98
(north,3)	137
(north,4)	116
(north,age)	12
(north,american)	789
(north,april)	46
(north,city)	379
(north,county)	1031
(north,first)	146
(north,history)	155
(north,i)	114
(north,january)	28
(north,john)	76
(north,known)	69
(north,made)	31
(north,march)	57
(north,national)	75
(north,north)	1032
(north,october)	51
(north,other)	111
(north,p)	67
(north,part)	185
(north,people)	113
(north,population)	46
(north,quot)	517
(north,s)	681
(north,school)	211
(north,september)	46
(north,south)	1276
(north,state)	320
(north,states)	237
(north,this)	142
(north,three)	87
(north,time)	34
(north,two)	133
(north,united)	267
(north,university)	444
(north,used)	47
(north,war)	98
(north,world)	65
(north,year)	34
(north,years)	24
(north,york)	110
(october,1)	845
(october,2)	554
(october,2006)	747
(october,2007)	1167
(october,2008)	1330
(october,2009)	1402
(october,2010)	1998
(october,2011)	2364
(october,3)	589
(october,4)	533
(october,age)	35
(october,american)	186
(october,april)	318
(october,city)	118
(october,county)	57
(october,first)	178
(october,history)	80
(october,i)	54
(october,january)	272
(october,john)	96
(october,known)	24
(october,made)	38
(october,march)	293
(october,national)	72
(october,north)	51
(october,october)	752
(october,other)	71
(october,p)	164
(october,part)	31
(october,people)	40
(october,population)	9
(october,quot)	840
(october,s)	370
(october,school)	33
(october,september)	411
(october,south)	56
(october,state)	52
(october,states)	79
(october,this)	141
(october,three)	46
(october,time)	122
(october,two)	76
(october,united)	121
(october,university)	106
(october,used)	24
(october,war)	66
(october,world)	98
(october,year)	129
(october,years)	50
(october,york)	220
(other,1)	929
(other,2)	542
(other,2006)	61
(other,2007)	119
(other,2008)	161
(other,2009)	139
(other,2010)	168
(other,2011)	203
(other,3)	339
(other,4)	289
(other,age)	31
(other,american)	251
(other,april)	83
(other,city)	221
(other,county)	109
(other,first)	155
(other,history)	104
(other,i)	182
(other,january)	69
(other,john)	91
(other,known)	186
(other,made)	171
(other,march)	61
(other,national)	142
(other,north)	111
(other,october)	71
(other,other)	422
(other,p)	161
(other,part)	76
(other,people)	415
(other,population)	76
(other,quot)	1882
(other,s)	1761
(other,school)	133
(other,september)	61
(other,south)	114
(other,state)	184
(other,states)	354
(other,this)	653
(other,three)	293
(other,time)	236
(other,two)	735
(other,united)	134
(other,university)	111
(other,used)	390
(other,war)	138
(other,world)	250
(other,year)	92
(other,years)	96
(other,york)	69
(p,1)	1626
(p,2)	1151
(p,2006)	490
(p,2007)	459
(p,2008)	424
(p,2009)	296
(p,2010)	307
(p,2011)	231
(p,3)	774
(p,4)	575
(p,age)	71
(p,american)	129
(p,april)	231
(p,city)	89
(p,county)	44
(p,first)	203
(p,history)	293
(p,i)	675
(p,january)	175
(p,john)	331
(p,known)	58
(p,made)	43
(p,march)	184
(p,national)	69
(p,north)	67
(p,october)	164
(p,other)	161
(p,p)	3364
(p,part)	77
(p,people)	50
(p,population)	21
(p,quot)	3107
(p,s)	1886
(p,school)	75
(p,september)	173
(p,south)	52
(p,state)	91
(p,states)	110
(p,this)	473
(p,three)	68
(p,time)	151
(p,two)	140
(p,united)	82
(p,university)	493
(p,used)	65
(p,war)	207
(p,world)	151
(p,year)	87
(p,years)	127
(p,york)	313
(part,1)	569
(part,2)	483
(part,2006)	54
(part,2007)	53
(part,2008)	57
(part,2009)	71
(part,2010)	85
(part,2011)	94
(part,3)	204
(part,4)	121
(part,age)	24
(part,american)	60
(part,april)	39
(part,city)	282
(part,county)	420
(part,first)	275
(part,history)	121
(part,i)	258
(part,january)	40
(part,john)	32
(part,known)	41
(part,made)	82
(part,march)	37
(part,national)	313
(part,north)	185
(part,october)	31
(part,other)	76
(part,p)	77
(part,part)	384
(part,people)	47
(part,population)	38
(part,quot)	1085
(part,s)	700
(part,school)	120
(part,september)	28
(part,south)	188
(part,state)	174
(part,states)	121
(part,this)	510
(part,three)	92
(part,time)	319
(part,two)	231
(part,united)	131
(part,university)	83
(part,used)	76
(part,war)	134
(part,world)	123
(part,year)	74
(part,years)	58
(part,york)	52
(people,1)	1327
(people,2)	831
(people,2006)	71
(people,2007)	86
(people,2008)	108
(people,2009)	114
(people,2010)	138
(people,2011)	130
(people,3)	577
(people,4)	481
(people,age)	98
(people,american)	806
(people,april)	88
(people,city)	187
(people,county)	333
(people,first)	114
(people,history)	198
(people,i)	159
(people,january)	39
(people,john)	62
(people,known)	98
(people,made)	71
(people,march)	47
(people,national)	89
(people,north)	113
(people,october)	40
(people,other)	415
(people,p)	50
(people,part)	47
(people,people)	1508
(people,population)	355
(people,quot)	1446
(people,s)	2078
(people,school)	154
(people,september)	59
(people,south)	114
(people,state)	97
(people,states)	168
(people,this)	328
(people,three)	97
(people,time)	136
(people,two)	191
(people,united)	185
(people,university)	199
(people,used)	102
(people,war)	176
(people,world)	160
(people,year)	69
(people,years)	113
(people,york)	124
(population,1)	1715
(population,2)	1076
(population,2006)	129
(population,2007)	111
(population,2008)	91
(population,2009)	122
(population,2010)	742
(population,2011)	163
(population,3)	793
(population,4)	698
(population,age)	110
(population,american)	74
(population,april)	24
(population,city)	1440
(population,county)	755
(population,first)	30
(population,history)	93
(population,i)	63
(population,january)	27
(population,john)	7
(population,known)	23
(population,made)	27
(population,march)	21
(population,national)	45
(population,north)	46
(population,october)	9
(population,other)	76
(population,p)	21
(population,part)	38
(population,people)	355
(population,population)	620
(population,quot)	189
(population,s)	838
(population,school)	27
(population,september)	12
(population,south)	59
(population,state)	162
(population,states)	735
(population,this)	142
(population,three)	23
(population,time)	39
(population,two)	29
(population,united)	764
(population,university)	20
(population,used)	18
(population,war)	44
(population,world)	115
(population,year)	121
(population,years)	84
(population,york)	62
(quot,1)	3144
(quot,2)	3352
(quot,2006)	1083
(quot,2007)	1300
(quot,2008)	1292
(quot,2009)	1261
(quot,2010)	1347
(quot,2011)	1571
(quot,3)	2371
(quot,4)	1879
(quot,age)	435
(quot,american)	1560
(quot,april)	905
(quot,city)	1525
(quot,county)	546
(quot,first)	2476
(quot,history)	1636
(quot,i)	6464
(quot,january)	824
(quot,john)	1682
(quot,known)	2352
(quot,made)	869
(quot,march)	1127
(quot,national)	1085
(quot,north)	517
(quot,october)	840
(quot,other)	1882
(quot,p)	3107
(quot,part)	1085
(quot,people)	1446
(quot,population)	189
(quot,quot)	207452
(quot,s)	16322
(quot,school)	978
(quot,september)	873
(quot,south)	576
(quot,state)	1116
(quot,states)	1572
(quot,this)	4658
(quot,three)	1148
(quot,time)	2223
(quot,two)	1799
(quot,united)	1185
(quot,university)	704
(quot,used)	1768
(quot,war)	1205
(quot,world)	2235
(quot,year)	1053
(quot,years)	888
(quot,york)	1294
(s,1)	2321
(s,2)	1984
(s,2006)	732
(s,2007)	850
(s,2008)	951
(s,2009)	844
(s,2010)	1172
(s,2011)	1044
(s,3)	1416
(s,4)	898
(s,age)	262
(s,american)	1092
(s,april)	420
(s,city)	2422
(s,county)	1177
(s,first)	3581
(s,history)	1555
(s,i)	1804
(s,january)	403
(s,john)	1772
(s,known)	900
(s,made)	671
(s,march)	542
(s,national)	1135
(s,north)	681
(s,october)	370
(s,other)	1761
(s,p)	1886
(s,part)	700
(s,people)	2078
(s,population)	838
(s,quot)	16322
(s,s)	16492
(s,school)	1552
(s,september)	387
(s,south)	650
(s,state)	2052
(s,states)	742
(s,this)	2042
(s,three)	790
(s,time)	1304
(s,two)	1525
(s,united)	912
(s,university)	1389
(s,used)	1035
(s,war)	1192
(s,world)	3380
(s,year)	1241
(s,years)	769
(s,york)	1067
(school,1)	171
(school,2)	140
(school,2006)	87
(school,2007)	114
(school,2008)	131
(school,2009)	152
(school,2010)	184
(school,2011)	186
(school,3)	125
(school,4)	120
(school,age)	113
(school,american)	132
(school,april)	53
(school,city)	308
(school,county)	470
(school,first)	316
(school,history)	128
(school,i)	73
(school,january)	48
(school,john)	145
(school,known)	82
(school,made)	20
(school,march)	29
(school,national)	207
(school,north)	211
(school,october)	33
(school,other)	133
(school,p)	75
(school,part)	120
(school,people)	154
(school,population)	27
(school,quot)	978
(school,s)	1552
(school,school)	4236
(school,september)	67
(school,south)	192
(school,state)	230
(school,states)	84
(school,this)	158
(school,three)	82
(school,time)	95
(school,two)	204
(school,united)	100
(school,university)	777
(school,used)	57
(school,war)	21
(school,world)	38
(school,year)	370
(school,years)	153
(school,york)	103
(september,1)	842
(september,2)	708
(september,2006)	730
(september,2007)	1224
(september,2008)	1261
(september,2009)	1516
(september,2010)	2682
(september,2011)	2302
(september,3)	666
(september,4)	473
(september,age)	19
(september,american)	185
(september,april)	336
(september,city)	135
(september,county)	59
(september,first)	148
(september,history)	113
(september,i)	54
(september,january)	290
(september,john)	77
(september,known)	30
(september,made)	36
(september,march)	305
(september,national)	90
(september,north)	46
(september,october)	411
(september,other)	61
(september,p)	173
(september,part)	28
(september,people)	59
(september,population)	12
(september,quot)	873
(september,s)	387
(september,school)	67
(september,september)	948
(september,south)	35
(september,state)	62
(september,states)	120
(september,this)	164
(september,three)	43
(september,time)	96
(september,two)	82
(september,united)	147
(september,university)	121
(september,used)	9
(september,war)	106
(september,world)	99
(september,year)	115
(september,years)	57
(september,york)	232
(south,1)	269
(south,2)	209
(south,2006)	45
(south,2007)	69
(south,2008)	62
(south,2009)	82
(south,2010)	92
(south,2011)	95
(south,3)	162
(south,4)	115
(south,age)	5
(south,american)	266
(south,april)	33
(south,city)	352
(south,county)	994
(south,first)	108
(south,history)	138
(south,i)	97
(south,january)	44
(south,john)	57
(south,known)	49
(south,made)	45
(south,march)	56
(south,national)	106
(south,north)	1276
(south,october)	56
(south,other)	114
(south,p)	52
(south,part)	188
(south,people)	114
(south,population)	59
(south,quot)	576
(south,s)	650
(south,school)	192
(south,september)	35
(south,south)	1004
(south,state)	188
(south,states)	180
(south,this)	136
(south,three)	40
(south,time)	48
(south,two)	128
(south,united)	163
(south,university)	251
(south,used)	38
(south,war)	95
(south,world)	97
(south,year)	25
(south,years)	31
(south,york)	55
(state,1)	237
(state,2)	178
(state,2006)	117
(state,2007)	154
(state,2008)	149
(state,2009)	166
(state,2010)	267
(state,2011)	193
(state,3)	124
(state,4)	104
(state,age)	9
(state,american)	120
(state,april)	80
(state,city)	376
(state,county)	863
(state,first)	244
(state,history)	242
(state,i)	158
(state,january)	98
(state,john)	86
(state,known)	88
(state,made)	59
(state,march)	96
(state,national)	227
(state,north)	320
(state,october)	52
(state,other)	184
(state,p)	91
(state,part)	174
(state,people)	97
(state,population)	162
(state,quot)	1116
(state,s)	2052
(state,school)	230
(state,september)	62
(state,south)	188
(state,state)	1436
(state,states)	576
(state,this)	297
(state,three)	79
(state,time)	86
(state,two)	165
(state,united)	575
(state,university)	1716
(state,used)	57
(state,war)	143
(state,world)	49
(state,year)	73
(state,years)	66
(state,york)	1444
(states,1)	375
(states,2)	369
(states,2006)	133
(states,2007)	171
(states,2008)	171
(states,2009)	147
(states,2010)	602
(states,2011)	288
(states,3)	237
(states,4)	178
(states,age)	21
(states,american)	457
(states,april)	123
(states,city)	802
(states,county)	1324
(states,first)	192
(states,history)	318
(states,i)	140
(states,january)	141
(states,john)	113
(states,known)	59
(states,made)	62
(states,march)	112
(states,national)	334
(states,north)	237
(states,october)	79
(states,other)	354
(states,p)	110
(states,part)	121
(states,people)	168
(states,population)	735
(states,quot)	1572
(states,s)	742
(states,school)	84
(states,september)	120
(states,south)	180
(states,state)	576
(states,states)	986
(states,this)	241
(states,three)	89
(states,time)	107
(states,two)	166
(states,united)	22219
(states,university)	161
(states,used)	88
(states,war)	336
(states,world)	230
(states,year)	78
(states,years)	70
(states,york)	443
(this,1)	564
(this,2)	489
(this,2006)	196
(this,2007)	264
(this,2008)	285
(this,2009)	314
(this,2010)	378
(this,2011)	371
(this,3)	351
(this,4)	264
(this,age)	126
(this,american)	131
(this,april)	173
(this,city)	303
(this,county)	127
(this,first)	1045
(this,history)	218
(this,i)	605
(this,january)	143
(this,john)	97
(this,known)	595
(this,made)	507
(this,march)	155
(this,national)	126
(this,north)	142
(this,october)	141
(this,other)	653
(this,p)	473
(this,part)	510
(this,people)	328
(this,population)	142
(this,quot)	4658
(this,s)	2042
(this,school)	158
(this,september)	164
(this,south)	136
(this,state)	297
(this,states)	241
(this,this)	686
(this,three)	224
(this,time)	2524
(this,two)	458
(this,united)	164
(this,university)	130
(this,used)	869
(this,war)	272
(this,world)	340
(this,year)	486
(this,years)	318
(this,york)	89
(three,1)	162
(three,2)	115
(three,2006)	53
(three,2007)	71
(three,2008)	60
(three,2009)	64
(three,2010)	64
(three,2011)	80
(three,3)	107
(three,4)	74
(three,age)	53
(three,american)	64
(three,april)	49
(three,city)	115
(three,county)	82
(three,first)	512
(three,history)	40
(three,i)	95
(three,january)	31
(three,john)	39
(three,known)	82
(three,made)	111
(three,march)	62
(three,national)	79
(three,north)	87
(three,october)	46
(three,other)	293
(three,p)	68
(three,part)	92
(three,people)	97
(three,population)	23
(three,quot)	1148
(three,s)	790
(three,school)	82
(three,september)	43
(three,south)	40
(three,state)	79
(three,states)	89
(three,this)	224
(three,three)	358
(three,time)	169
(three,two)	691
(three,united)	55
(three,university)	43
(three,used)	99
(three,war)	54
(three,world)	112
(three,year)	340
(three,years)	1059
(three,york)	37
(time,1)	342
(time,2)	249
(time,2006)	138
(time,2007)	154
(time,2008)	160
(time,2009)	156
(time,2010)	182
(time,2011)	180
(time,3)	186
(time,4)	184
(time,age)	47
(time,american)	123
(time,april)	120
(time,city)	129
(time,county)	61
(time,first)	1756
(time,history)	215
(time,i)	238
(time,january)	91
(time,john)	62
(time,known)	161
(time,made)	145
(time,march)	91
(time,national)	68
(time,north)	34
(time,october)	122
(time,other)	236
(time,p)	151
(time,part)	319
(time,people)	136
(time,population)	39
(time,quot)	2223
(time,s)	1304
(time,school)	95
(time,september)	96
(time,south)	48
(time,state)	86
(time,states)	107
(time,this)	2524
(time,three)	169
(time,time)	1650
(time,two)	301
(time,united)	103
(time,university)	78
(time,used)	142
(time,war)	171
(time,world)	301
(time,year)	170
(time,years)	303
(time,york)	93
(two,1)	871
(two,2)	585
(two,2006)	86
(two,2007)	118
(two,2008)	126
(two,2009)	105
(two,2010)	153
(two,2011)	154
(two,3)	337
(two,4)	246
(two,age)	45
(two,american)	120
(two,april)	87
(two,city)	205
(two,county)	141
(two,first)	962
(two,history)	76
(two,i)	164
(two,january)	66
(two,john)	84
(two,known)	121
(two,made)	216
(two,march)	74
(two,national)	103
(two,north)	133
(two,october)	76
(two,other)	735
(two,p)	140
(two,part)	231
(two,people)	191
(two,population)	29
(two,quot)	1799
(two,s)	1525
(two,school)	204
(two,september)	82
(two,south)	128
(two,state)	165
(two,states)	166
(two,this)	458
(two,three)	691
(two,time)	301
(two,two)	692
(two,united)	97
(two,university)	82
(two,used)	211
(two,war)	182
(two,world)	220
(two,year)	473
(two,years)	1533
(two,york)	57
(united,1)	926
(united,2)	403
(united,2006)	150
(united,2007)	225
(united,2008)	219
(united,2009)	197
(united,2010)	592
(united,2011)	380
(united,3)	244
(united,4)	184
(united,age)	12
(united,american)	453
(united,april)	115
(united,city)	328
(united,county)	1255
(united,first)	349
(united,history)	358
(united,i)	101
(united,january)	146
(united,john)	123
(united,known)	46
(united,made)	52
(united,march)	135
(united,national)	393
(united,north)	267
(united,october)	121
(united,other)	134
(united,p)	82
(united,part)	131
(united,people)	185
(united,population)	764
(united,quot)	1185
(united,s)	912
(united,school)	100
(united,september)	147
(united,south)	163
(united,state)	575
(united,states)	22219
(united,this)	164
(united,three)	55
(united,time)	103
(united,two)	97
(united,united)	1422
(united,university)	250
(united,used)	83
(united,war)	353
(united,world)	262
(united,year)	78
(united,years)	67
(united,york)	467
(university,1)	304
(university,2)	212
(university,2006)	408
(university,2007)	471
(university,2008)	412
(university,2009)	394
(university,2010)	424
(university,2011)	481
(university,3)	166
(university,4)	123
(university,age)	38
(university,american)	309
(university,april)	139
(university,city)	286
(university,county)	99
(university,first)	219
(university,history)	417
(university,i)	98
(university,january)	98
(university,john)	216
(university,known)	80
(university,made)	18
(university,march)	122
(university,national)	424
(university,north)	444
(university,october)	106
(university,other)	111
(university,p)	493
(university,part)	83
(university,people)	199
(university,population)	20
(university,quot)	704
(university,s)	1389
(university,school)	777
(university,september)	121
(university,south)	251
(university,state)	1716
(university,states)	161
(university,this)	130
(university,three)	43
(university,time)	78
(university,two)	82
(university,united)	250
(university,university)	3358
(university,used)	36
(university,war)	121
(university,world)	335
(university,year)	119
(university,years)	81
(university,york)	803
(used,1)	123
(used,2)	120
(used,2006)	30
(used,2007)	45
(used,2008)	44
(used,2009)	36
(used,2010)	57
(used,2011)	58
(used,3)	81
(used,4)	60
(used,age)	19
(used,american)	67
(used,april)	14
(used,city)	56
(used,county)	32
(used,first)	360
(used,history)	42
(used,i)	150
(used,january)	23
(used,john)	36
(used,known)	58
(used,made)	38
(used,march)	19
(used,national)	31
(used,north)	47
(used,october)	24
(used,other)	390
(used,p)	65
(used,part)	76
(used,people)	102
(used,population)	18
(used,quot)	1768
(used,s)	1035
(used,school)	57
(used,september)	9
(used,south)	38
(used,state)	57
(used,states)	88
(used,this)	869
(used,three)	99
(used,time)	142
(used,two)	211
(used,united)	83
(used,university)	36
(used,used)	70
(used,war)	131
(used,world)	133
(used,year)	73
(used,years)	90
(used,york)	23
(war,1)	156
(war,2)	148
(war,2006)	55
(war,2007)	75
(war,2008)	88
(war,2009)	83
(war,2010)	82
(war,2011)	97
(war,3)	87
(war,4)	67
(war,age)	26
(war,american)	1110
(war,april)	89
(war,city)	68
(war,county)	60
(war,first)	831
(war,history)	276
(war,i)	1480
(war,january)	60
(war,john)	103
(war,known)	96
(war,made)	81
(war,march)	78
(war,national)	106
(war,north)	98
(war,october)	66
(war,other)	138
(war,p)	207
(war,part)	134
(war,people)	176
(war,population)	44
(war,quot)	1205
(war,s)	1192
(war,school)	21
(war,september)	106
(war,south)	95
(war,state)	143
(war,states)	336
(war,this)	272
(war,three)	54
(war,time)	171
(war,two)	182
(war,united)	353
(war,university)	121
(war,used)	131
(war,war)	1308
(war,world)	5653
(war,year)	88
(war,years)	554
(war,york)	101
(world,1)	559
(world,2)	317
(world,2006)	282
(world,2007)	284
(world,2008)	370
(world,2009)	292
(world,2010)	452
(world,2011)	363
(world,3)	168
(world,4)	125
(world,age)	39
(world,american)	233
(world,april)	95
(world,city)	164
(world,county)	25
(world,first)	975
(world,history)	376
(world,i)	1446
(world,january)	87
(world,john)	91
(world,known)	137
(world,made)	88
(world,march)	108
(world,national)	123
(world,north)	65
(world,october)	98
(world,other)	250
(world,p)	151
(world,part)	123
(world,people)	160
(world,population)	115
(world,quot)	2235
(world,s)	3380
(world,school)	38
(world,september)	99
(world,south)	97
(world,state)	49
(world,states)	230
(world,this)	340
(world,three)	112
(world,time)	301
(world,two)	220
(world,united)	262
