(1,1)	10922
(1,2)	7455
(1,2006)	593
(1,2007)	764
(1,2008)	737
(1,2009)	674
(1,2010)	1005
(1,2011)	859
(1,3)	4074
(1,4)	3101
(1,age)	21
(1,american)	526
(1,april)	844
(1,city)	161
(1,county)	161
(1,first)	147
(1,history)	126
(1,i)	621
(1,january)	1233
(1,john)	154
(1,known)	16
(1,made)	44
(1,march)	730
(1,national)	91
(1,north)	74
(1,october)	584
(1,other)	128
(1,p)	914
(1,part)	430
(1,people)	749
(1,population)	402
(1,quot)	1564
(1,s)	975
(1,school)	65
(1,september)	613
(1,south)	89
(1,state)	78
(1,states)	89
(1,this)	223
(1,three)	43
(1,time)	144
(1,two)	137
(1,united)	92
(1,university)	77
(1,used)	30
(1,war)	52
(1,world)	290
(1,year)	208
(1,years)	162
(1,york)	173
(2,1)	7455
(2,2)	7420
(2,2006)	398
(2,2007)	482
(2,2008)	508
(2,2009)	547
(2,2010)	835
(2,2011)	741
(2,3)	4592
(2,4)	3096
(2,age)	25
(2,american)	278
(2,april)	455
(2,city)	111
(2,county)	97
(2,first)	118
(2,history)	106
(2,i)	315
(2,january)	509
(2,john)	109
(2,known)	20
(2,made)	30
(2,march)	532
(2,national)	31
(2,north)	87
(2,october)	398
(2,other)	115
(2,p)	694
(2,part)	370
(2,people)	584
(2,population)	246
(2,quot)	1812
(2,s)	826
(2,school)	37
(2,september)	478
(2,south)	96
(2,state)	64
(2,states)	133
(2,this)	214
(2,three)	26
(2,time)	105
(2,two)	134
(2,united)	99
(2,university)	73
(2,used)	24
(2,war)	64
(2,world)	148
(2,year)	114
(2,years)	235
(2,york)	86
(2006,1)	593
(2006,2)	398
(2006,2006)	294
(2006,2007)	355
(2006,2008)	186
(2006,2009)	131
(2006,2010)	154
(2006,2011)	125
(2006,3)	327
(2006,4)	268
(2006,age)	11
(2006,american)	81
(2006,april)	631
(2006,city)	49
(2006,county)	27
(2006,first)	38
(2006,history)	72
(2006,i)	35
(2006,january)	506
(2006,john)	52
(2006,known)	6
(2006,made)	14
(2006,march)	536
(2006,national)	61
(2006,north)	26
(2006,october)	646
(2006,other)	26
(2006,p)	408
(2006,part)	21
(2006,people)	31
(2006,population)	65
(2006,quot)	542
(2006,s)	220
(2006,school)	48
(2006,september)	616
(2006,south)	14
(2006,state)	51
(2006,states)	42
(2006,this)	98
(2006,three)	19
(2006,time)	56
(2006,two)	33
(2006,united)	60
(2006,university)	225
(2006,used)	4
(2006,war)	18
(2006,world)	148
(2006,year)	65
(2006,years)	20
(2006,york)	81
(2007,1)	764
(2007,2)	482
(2007,2006)	355
(2007,2007)	472
(2007,2008)	431
(2007,2009)	235
(2007,2010)	200
(2007,2011)	171
(2007,3)	448
(2007,4)	392
(2007,age)	7
(2007,american)	80
(2007,april)	999
(2007,city)	72
(2007,county)	53
(2007,first)	56
(2007,history)	126
(2007,i)	49
(2007,january)	826
(2007,john)	62
(2007,known)	3
(2007,made)	24
(2007,march)	930
(2007,national)	61
(2007,north)	44
(2007,october)	1013
(2007,other)	52
(2007,p)	361
(2007,part)	14
(2007,people)	37
(2007,population)	48
(2007,quot)	630
(2007,s)	226
(2007,school)	46
(2007,september)	1014
(2007,south)	26
(2007,state)	53
(2007,states)	56
(2007,this)	132
(2007,three)	30
(2007,time)	52
(2007,two)	39
(2007,united)	63
(2007,university)	236
(2007,used)	10
(2007,war)	28
(2007,world)	105
(2007,year)	94
(2007,years)	27
(2007,york)	113
(2008,1)	737
(2008,2)	508
(2008,2006)	186
(2008,2007)	431
(2008,2008)	598
(2008,2009)	395
(2008,2010)	291
(2008,2011)	164
(2008,3)	444
(2008,4)	453
(2008,age)	13
(2008,american)	59
(2008,april)	1160
(2008,city)	95
(2008,county)	49
(2008,first)	60
(2008,history)	132
(2008,i)	34
(2008,january)	1069
(2008,john)	85
(2008,known)	10
(2008,made)	13
(2008,march)	964
(2008,national)	87
(2008,north)	29
(2008,october)	1152
(2008,other)	58
(2008,p)	328
(2008,part)	23
(2008,people)	36
(2008,population)	36
(2008,quot)	633
(2008,s)	231
(2008,school)	57
(2008,september)	1025
(2008,south)	24
(2008,state)	55
(2008,states)	52
(2008,this)	138
(2008,three)	22
(2008,time)	61
(2008,two)	44
(2008,united)	84
(2008,university)	178
(2008,used)	14
(2008,war)	29
(2008,world)	106
(2008,year)	112
(2008,years)	36
(2008,york)	116
(2009,1)	674
(2009,2)	547
(2009,2006)	131
(2009,2007)	235
(2009,2008)	395
(2009,2009)	692
(2009,2010)	552
(2009,2011)	244
(2009,3)	556
(2009,4)	425
(2009,age)	21
(2009,american)	53
(2009,april)	1142
(2009,city)	108
(2009,county)	68
(2009,first)	66
(2009,history)	133
(2009,i)	33
(2009,january)	1238
(2009,john)	85
(2009,known)	9
(2009,made)	28
(2009,march)	1079
(2009,national)	61
(2009,north)	22
(2009,october)	1174
(2009,other)	58
(2009,p)	218
(2009,part)	25
(2009,people)	47
(2009,population)	81
(2009,quot)	560
(2009,s)	192
(2009,school)	73
(2009,september)	1230
(2009,south)	27
(2009,state)	56
(2009,states)	46
(2009,this)	153
(2009,three)	17
(2009,time)	56
(2009,two)	33
(2009,united)	77
(2009,university)	194
(2009,used)	9
(2009,war)	30
(2009,world)	133
(2009,year)	83
(2009,years)	41
(2009,york)	99
(2010,1)	1005
(2010,2)	835
(2010,2006)	154
(2010,2007)	200
(2010,2008)	291
(2010,2009)	552
(2010,2010)	1404
(2010,2011)	525
(2010,3)	717
(2010,4)	570
(2010,age)	17
(2010,american)	124
(2010,april)	1887
(2010,city)	166
(2010,county)	75
(2010,first)	72
(2010,history)	248
(2010,i)	37
(2010,january)	1750
(2010,john)	90
(2010,known)	6
(2010,made)	22
(2010,march)	1583
(2010,national)	80
(2010,north)	37
(2010,october)	1702
(2010,other)	61
(2010,p)	193
(2010,part)	15
(2010,people)	53
(2010,population)	291
(2010,quot)	640
(2010,s)	286
(2010,school)	89
(2010,september)	2359
(2010,south)	33
(2010,state)	96
(2010,states)	237
(2010,this)	203
(2010,three)	19
(2010,time)	44
(2010,two)	58
(2010,united)	289
(2010,university)	194
(2010,used)	14
(2010,war)	26
(2010,world)	229
(2010,year)	112
(2010,years)	40
(2010,york)	110
(2011,1)	859
(2011,2)	741
(2011,2006)	125
(2011,2007)	171
(2011,2008)	164
(2011,2009)	244
(2011,2010)	525
(2011,2011)	1406
(2011,3)	620
(2011,4)	590
(2011,age)	13
(2011,american)	53
(2011,april)	1978
(2011,city)	108
(2011,county)	111
(2011,first)	85
(2011,history)	177
(2011,i)	29
(2011,january)	1654
(2011,john)	76
(2011,known)	11
(2011,made)	26
(2011,march)	1857
(2011,national)	103
(2011,north)	35
(2011,october)	2084
(2011,other)	85
(2011,p)	152
(2011,part)	36
(2011,people)	41
(2011,population)	76
(2011,quot)	827
(2011,s)	208
(2011,school)	55
(2011,september)	2019
(2011,south)	29
(2011,state)	68
(2011,states)	178
(2011,this)	216
(2011,three)	28
(2011,time)	49
(2011,two)	53
(2011,united)	82
(2011,university)	199
(2011,used)	17
(2011,war)	24
(2011,world)	158
(2011,year)	118
(2011,years)	55
(2011,york)	66
(3,1)	4074
(3,2)	4592
(3,2006)	327
(3,2007)	448
(3,2008)	444
(3,2009)	556
(3,2010)	717
(3,2011)	620
(3,3)	4752
(3,4)	3111
(3,age)	28
(3,american)	198
(3,april)	478
(3,city)	71
(3,county)	64
(3,first)	86
(3,history)	75
(3,i)	137
(3,january)	699
(3,john)	94
(3,known)	7
(3,made)	24
(3,march)	670
(3,national)	39
(3,north)	64
(3,october)	418
(3,other)	86
(3,p)	468
(3,part)	120
(3,people)	417
(3,population)	159
(3,quot)	1189
(3,s)	567
(3,school)	42
(3,september)	464
(3,south)	61
(3,state)	43
(3,states)	62
(3,this)	149
(3,three)	41
(3,time)	72
(3,two)	105
(3,united)	61
(3,university)	51
(3,used)	23
(3,war)	33
(3,world)	68
(3,year)	86
(3,years)	238
(3,york)	87
(4,1)	3101
(4,2)	3096
(4,2006)	268
(4,2007)	392
(4,2008)	453
(4,2009)	425
(4,2010)	570
(4,2011)	590
(4,3)	3111
(4,4)	2736
(4,age)	26
(4,american)	158
(4,april)	517
(4,city)	38
(4,county)	73
(4,first)	55
(4,history)	57
(4,i)	77
(4,january)	436
(4,john)	66
(4,known)	10
(4,made)	27
(4,march)	711
(4,national)	40
(4,north)	46
(4,october)	384
(4,other)	93
(4,p)	408
(4,part)	64
(4,people)	365
(4,population)	140
(4,quot)	942
(4,s)	363
(4,school)	34
(4,september)	329
(4,south)	44
(4,state)	42
(4,states)	42
(4,this)	114
(4,three)	19
(4,time)	81
(4,two)	68
(4,united)	42
(4,university)	45
(4,used)	21
(4,war)	20
(4,world)	30
(4,year)	91
(4,years)	146
(4,york)	54
(age,1)	21
(age,2)	25
(age,2006)	11
(age,2007)	7
(age,2008)	13
(age,2009)	21
(age,2010)	17
(age,2011)	13
(age,3)	28
(age,4)	26
(age,age)	40
(age,american)	8
(age,april)	10
(age,city)	22
(age,county)	2
(age,first)	57
(age,history)	9
(age,i)	14
(age,january)	9
(age,john)	4
(age,known)	2
(age,made)	1
(age,march)	10
(age,national)	4
(age,north)	2
(age,october)	9
(age,other)	14
(age,p)	8
(age,part)	4
(age,people)	24
(age,population)	34
(age,quot)	240
(age,s)	124
(age,school)	58
(age,september)	7
(age,state)	5
(age,states)	4
(age,this)	65
(age,three)	28
(age,time)	8
(age,two)	21
(age,united)	3
(age,university)	16
(age,used)	2
(age,war)	8
(age,world)	13
(age,year)	17
(age,years)	3134
(age,york)	12
(american,1)	526
(american,2)	278
(american,2006)	81
(american,2007)	80
(american,2008)	59
(american,2009)	53
(american,2010)	124
(american,2011)	53
(american,3)	198
(american,4)	158
(american,age)	8
(american,american)	174
(american,april)	47
(american,city)	70
(american,county)	3
(american,first)	311
(american,history)	375
(american,i)	22
(american,january)	55
(american,john)	128
(american,known)	39
(american,made)	31
(american,march)	46
(american,national)	77
(american,north)	721
(american,october)	33
(american,other)	103
(american,p)	38
(american,part)	12
(american,people)	567
(american,population)	54
(american,quot)	848
(american,s)	336
(american,school)	81
(american,september)	38
(american,south)	214
(american,state)	25
(american,states)	136
(american,this)	46
(american,three)	32
(american,time)	38
(american,two)	50
(american,united)	125
(american,university)	124
(american,used)	24
(american,war)	909
(american,world)	43
(american,year)	24
(american,years)	20
(american,york)	62
(april,1)	844
(april,2)	455
(april,2006)	631
(april,2007)	999
(april,2008)	1160
(april,2009)	1142
(april,2010)	1887
(april,2011)	1978
(april,3)	478
(april,4)	517
(april,age)	10
(april,american)	47
(april,april)	316
(april,city)	37
(april,county)	21
(april,first)	16
(april,history)	67
(april,i)	18
(april,january)	34
(april,john)	32
(april,known)	4
(april,made)	8
(april,march)	175
(april,national)	14
(april,north)	10
(april,october)	76
(april,other)	32
(april,p)	119
(april,part)	8
(april,people)	27
(april,population)	10
(april,quot)	314
(april,s)	81
(april,school)	12
(april,september)	65
(april,south)	8
(april,state)	22
(april,states)	23
(april,this)	76
(april,three)	18
(april,time)	46
(april,two)	23
(april,united)	24
(april,university)	40
(april,used)	2
(april,war)	30
(april,world)	35
(april,year)	35
(april,years)	18
(april,york)	118
(city,1)	161
(city,2)	111
(city,2006)	49
(city,2007)	72
(city,2008)	95
(city,2009)	108
(city,2010)	166
(city,2011)	108
(city,3)	71
(city,4)	38
(city,age)	22
(city,american)	70
(city,april)	37
(city,city)	574
(city,county)	229
(city,first)	120
(city,history)	147
(city,i)	32
(city,january)	39
(city,john)	22
(city,known)	57
(city,made)	33
(city,march)	32
(city,national)	72
(city,north)	109
(city,october)	34
(city,other)	85
(city,p)	17
(city,part)	38
(city,people)	31
(city,population)	1087
(city,quot)	892
(city,s)	1668
(city,school)	120
(city,september)	36
(city,south)	90
(city,state)	183
(city,states)	141
(city,this)	162
(city,three)	37
(city,time)	41
(city,two)	79
(city,united)	89
(city,university)	154
(city,used)	17
(city,war)	32
(city,world)	41
(city,year)	41
(city,years)	28
(city,york)	2393
(county,1)	161
(county,2)	97
(county,2006)	27
(county,2007)	53
(county,2008)	49
(county,2009)	68
(county,2010)	75
(county,2011)	111
(county,3)	64
(county,4)	73
(county,age)	2
(county,american)	3
(county,april)	21
(county,city)	229
(county,county)	2270
(county,first)	49
(county,history)	289
(county,i)	28
(county,january)	22
(county,john)	18
(county,known)	18
(county,made)	17
(county,march)	21
(county,national)	83
(county,north)	675
(county,october)	10
(county,other)	31
(county,p)	14
(county,part)	107
(county,people)	38
(county,population)	567
(county,quot)	309
(county,s)	515
(county,school)	278
(county,september)	16
(county,south)	611
(county,state)	476
(county,states)	66
(county,this)	75
(county,three)	23
(county,time)	18
(county,two)	36
(county,united)	721
(county,university)	27
(county,used)	8
(county,war)	15
(county,world)	7
(county,year)	8
(county,years)	13
(county,york)	470
(first,1)	147
(first,2)	118
(first,2006)	38
(first,2007)	56
(first,2008)	60
(first,2009)	66
(first,2010)	72
(first,2011)	85
(first,3)	86
(first,4)	55
(first,age)	57
(first,american)	311
(first,april)	16
(first,city)	120
(first,county)	49
(first,first)	90
(first,history)	152
(first,i)	94
(first,january)	28
(first,john)	35
(first,known)	200
(first,made)	269
(first,march)	28
(first,national)	133
(first,north)	51
(first,october)	31
(first,other)	39
(first,p)	31
(first,part)	179
(first,people)	58
(first,population)	12
(first,quot)	1135
(first,s)	2649
(first,school)	159
(first,september)	24
(first,south)	20
(first,state)	100
(first,states)	70
(first,this)	206
(first,three)	322
(first,time)	1564
(first,two)	612
(first,united)	68
(first,university)	80
(first,used)	231
(first,war)	613
(first,world)	509
(first,year)	424
(first,years)	358
(first,york)	22
(history,1)	126
(history,2)	106
(history,2006)	72
(history,2007)	126
(history,2008)	132
(history,2009)	133
(history,2010)	248
(history,2011)	177
(history,3)	75
(history,4)	57
(history,age)	9
(history,american)	375
(history,april)	67
(history,city)	147
(history,county)	289
(history,first)	152
(history,history)	814
(history,i)	46
(history,january)	51
(history,john)	63
(history,known)	29
(history,made)	32
(history,march)	68
(history,national)	41
(history,north)	80
(history,october)	33
(history,other)	36
(history,p)	95
(history,part)	25
(history,people)	43
(history,population)	55
(history,quot)	816
(history,s)	902
(history,school)	54
(history,september)	39
(history,south)	72
(history,state)	85
(history,states)	110
(history,this)	113
(history,three)	10
(history,time)	57
(history,two)	21
(history,united)	105
(history,university)	135
(history,used)	13
(history,war)	94
(history,world)	163
(history,year)	69
(history,years)	67
(history,york)	74
(i,1)	621
(i,2)	315
(i,2006)	35
(i,2007)	49
(i,2008)	34
(i,2009)	33
(i,2010)	37
(i,2011)	29
(i,3)	137
(i,4)	77
(i,age)	14
(i,american)	22
(i,april)	18
(i,city)	32
(i,county)	28
(i,first)	94
(i,history)	46
(i,i)	2190
(i,january)	20
(i,john)	96
(i,known)	35
(i,made)	70
(i,march)	25
(i,national)	14
(i,north)	47
(i,october)	14
(i,other)	73
(i,p)	375
(i,part)	171
(i,people)	65
(i,population)	42
(i,quot)	4120
(i,s)	827
(i,school)	30
(i,september)	15
(i,south)	41
(i,state)	45
(i,states)	35
(i,this)	262
(i,three)	32
(i,time)	120
(i,two)	56
(i,united)	42
(i,university)	29
(i,used)	65
(i,war)	1317
(i,world)	1349
(i,year)	26
(i,years)	59
(i,york)	22
(january,1)	1233
(january,2)	509
(january,2006)	506
(january,2007)	826
(january,2008)	1069
(january,2009)	1238
(january,2010)	1750
(january,2011)	1654
(january,3)	699
(january,4)	436
(january,age)	9
(january,american)	55
(january,april)	34
(january,city)	39
(january,county)	22
(january,first)	28
(january,history)	51
(january,i)	20
(january,january)	230
(january,john)	44
(january,known)	5
(january,made)	8
(january,march)	79
(january,national)	9
(january,north)	4
(january,october)	30
(january,other)	24
(january,p)	43
(january,part)	9
(january,people)	16
(january,population)	8
(january,quot)	293
(january,s)	67
(january,school)	12
(january,september)	32
(january,south)	10
(january,state)	25
(january,states)	34
(january,this)	65
(january,three)	10
(january,time)	36
(january,two)	20
(january,united)	34
(january,university)	27
(january,used)	10
(january,war)	12
(january,world)	32
(january,year)	46
(january,years)	20
(january,york)	116
(john,1)	154
(john,2)	109
(john,2006)	52
(john,2007)	62
(john,2008)	85
(john,2009)	85
(john,2010)	90
(john,2011)	76
(john,3)	94
(john,4)	66
(john,age)	4
(john,american)	128
(john,april)	32
(john,city)	22
(john,county)	18
(john,first)	35
(john,history)	63
(john,i)	96
(john,january)	44
(john,john)	576
(john,known)	24
(john,made)	25
(john,march)	43
(john,national)	15
(john,north)	28
(john,october)	38
(john,other)	21
(john,p)	217
(john,part)	4
(john,people)	31
(john,population)	2
(john,quot)	964
(john,s)	778
(john,school)	47
(john,september)	30
(john,south)	20
(john,state)	39
(john,states)	38
(john,this)	31
(john,three)	6
(john,time)	20
(john,two)	26
(john,united)	32
(john,university)	75
(john,used)	15
(john,war)	49
(john,world)	32
(john,year)	25
(john,years)	22
(john,york)	66
(known,1)	16
(known,2)	20
(known,2006)	6
(known,2007)	3
(known,2008)	10
(known,2009)	9
(known,2010)	6
(known,2011)	11
(known,3)	7
(known,4)	10
(known,age)	2
(known,american)	39
(known,april)	4
(known,city)	57
(known,county)	18
(known,first)	200
(known,history)	29
(known,i)	35
(known,january)	5
(known,john)	24
(known,known)	8
(known,made)	40
(known,march)	4
(known,national)	10
(known,north)	20
(known,october)	5
(known,other)	99
(known,p)	8
(known,part)	7
(known,people)	35
(known,population)	8
(known,quot)	1068
(known,s)	246
(known,school)	27
(known,september)	4
(known,south)	13
(known,state)	28
(known,states)	14
(known,this)	168
(known,three)	21
(known,time)	26
(known,two)	45
(known,united)	5
(known,university)	23
(known,used)	6
(known,war)	23
(known,world)	36
(known,year)	6
(known,years)	6
(known,york)	9
(made,1)	44
(made,2)	30
(made,2006)	14
(made,2007)	24
(made,2008)	13
(made,2009)	28
(made,2010)	22
(made,2011)	26
(made,3)	24
(made,4)	27
(made,age)	1
(made,american)	31
(made,april)	8
(made,city)	33
(made,county)	17
(made,first)	269
(made,history)	32
(made,i)	70
(made,january)	8
(made,john)	25
(made,known)	40
(made,made)	8
(made,march)	6
(made,national)	22
(made,north)	8
(made,october)	11
(made,other)	71
(made,p)	4
(made,part)	45
(made,people)	32
(made,population)	15
(made,quot)	377
(made,s)	172
(made,school)	7
(made,september)	4
(made,south)	10
(made,state)	21
(made,states)	20
(made,this)	263
(made,three)	50
(made,time)	53
(made,two)	104
(made,united)	16
(made,university)	1
(made,used)	9
(made,war)	32
(made,world)	34
(made,year)	33
(made,years)	28
(made,york)	6
(march,1)	730
(march,2)	532
(march,2006)	536
(march,2007)	930
(march,2008)	964
(march,2009)	1079
(march,2010)	1583
(march,2011)	1857
(march,3)	670
(march,4)	711
(march,age)	10
(march,american)	46
(march,april)	175
(march,city)	32
(march,county)	21
(march,first)	28
(march,history)	68
(march,i)	25
(march,january)	79
(march,john)	43
(march,known)	4
(march,made)	6
(march,march)	282
(march,national)	15
(march,north)	24
(march,october)	44
(march,other)	21
(march,p)	65
(march,part)	1
(march,people)	16
(march,population)	7
(march,quot)	356
(march,s)	131
(march,school)	7
(march,september)	57
(march,south)	16
(march,state)	25
(march,states)	33
(march,this)	73
(march,three)	10
(march,time)	39
(march,two)	16
(march,united)	33
(march,university)	29
(march,used)	4
(march,war)	14
(march,world)	24
(march,year)	40
(march,years)	18
(march,york)	116
(national,1)	91
(national,2)	31
(national,2006)	61
(national,2007)	61
(national,2008)	87
(national,2009)	61
(national,2010)	80
(national,2011)	103
(national,3)	39
(national,4)	40
(national,age)	4
(national,american)	77
(national,april)	14
(national,city)	72
(national,county)	83
(national,first)	133
(national,history)	41
(national,i)	14
(national,january)	9
(national,john)	15
(national,known)	10
(national,made)	22
(national,march)	15
(national,national)	82
(national,north)	16
(national,october)	8
(national,other)	61
(national,p)	19
(national,part)	125
(national,people)	36
(national,population)	19
(national,quot)	559
(national,s)	627
(national,school)	141
(national,september)	19
(national,south)	36
(national,state)	101
(national,states)	217
(national,this)	48
(national,three)	39
(national,time)	23
(national,two)	44
(national,united)	223
(national,university)	217
(national,used)	7
(national,war)	47
(national,world)	34
(national,year)	25
(national,years)	6
(national,york)	23
(north,1)	74
(north,2)	87
(north,2006)	26
(north,2007)	44
(north,2008)	29
(north,2009)	22
(north,2010)	37
(north,2011)	35
(north,3)	64
(north,4)	46
(north,age)	2
(north,american)	721
(north,april)	10
(north,city)	109
(north,county)	675
(north,first)	51
(north,history)	80
(north,i)	47
(north,january)	4
(north,john)	28
(north,known)	20
(north,made)	8
(north,march)	24
(north,national)	16
(north,north)	198
(north,october)	11
(north,other)	34
(north,p)	19
(north,part)	81
(north,people)	31
(north,population)	11
(north,quot)	265
(north,s)	202
(north,school)	86
(north,september)	12
(north,south)	848
(north,state)	203
(north,states)	48
(north,this)	63
(north,three)	42
(north,time)	5
(north,two)	42
(north,united)	101
(north,university)	325
(north,used)	21
(north,war)	35
(north,world)	16
(north,year)	8
(north,years)	6
(north,york)	34
(october,1)	584
(october,2)	398
(october,2006)	646
(october,2007)	1013
(october,2008)	1152
(october,2009)	1174
(october,2010)	1702
(october,2011)	2084
(october,3)	418
(october,4)	384
(october,age)	9
(october,american)	33
(october,april)	76
(october,city)	34
(october,county)	10
(october,first)	31
(october,history)	33
(october,i)	14
(october,january)	30
(october,john)	38
(october,known)	5
(october,made)	11
(october,march)	44
(october,national)	8
(october,north)	11
(october,october)	182
(october,other)	33
(october,p)	60
(october,part)	9
(october,people)	7
(october,population)	1
(october,quot)	301
(october,s)	86
(october,school)	9
(october,september)	122
(october,south)	10
(october,state)	10
(october,states)	29
(october,this)	67
(october,three)	11
(october,time)	51
(october,two)	19
(october,united)	36
(october,university)	26
(october,used)	4
(october,war)	23
(october,world)	26
(october,year)	30
(october,years)	16
(october,york)	105
(other,1)	128
(other,2)	115
(other,2006)	26
(other,2007)	52
(other,2008)	58
(other,2009)	58
(other,2010)	61
(other,2011)	85
(other,3)	86
(other,4)	93
(other,age)	14
(other,american)	103
(other,april)	32
(other,city)	85
(other,county)	31
(other,first)	39
(other,history)	36
(other,i)	73
(other,january)	24
(other,john)	21
(other,known)	99
(other,made)	71
(other,march)	21
(other,national)	61
(other,north)	34
(other,october)	33
(other,other)	112
(other,p)	65
(other,part)	34
(other,people)	298
(other,population)	28
(other,quot)	843
(other,s)	837
(other,school)	55
(other,september)	15
(other,south)	42
(other,state)	74
(other,states)	244
(other,this)	222
(other,three)	203
(other,time)	93
(other,two)	588
(other,united)	17
(other,university)	54
(other,used)	141
(other,war)	46
(other,world)	77
(other,year)	36
(other,years)	34
(other,york)	22
(p,1)	914
(p,2)	694
(p,2006)	408
(p,2007)	361
(p,2008)	328
(p,2009)	218
(p,2010)	193
(p,2011)	152
(p,3)	468
(p,4)	408
(p,age)	8
(p,american)	38
(p,april)	119
(p,city)	17
(p,county)	14
(p,first)	31
(p,history)	95
(p,i)	375
(p,january)	43
(p,john)	217
(p,known)	8
(p,made)	4
(p,march)	65
(p,national)	19
(p,north)	19
(p,october)	60
(p,other)	65
(p,p)	962
(p,part)	29
(p,people)	14
(p,population)	9
(p,quot)	1605
(p,s)	694
(p,school)	27
(p,september)	66
(p,south)	12
(p,state)	46
(p,states)	18
(p,this)	207
(p,three)	23
(p,time)	29
(p,two)	41
(p,united)	16
(p,university)	135
(p,used)	13
(p,war)	53
(p,world)	36
(p,year)	18
(p,years)	30
(p,york)	128
(part,1)	430
(part,2)	370
(part,2006)	21
(part,2007)	14
(part,2008)	23
(part,2009)	25
(part,2010)	15
(part,2011)	36
(part,3)	120
(part,4)	64
(part,age)	4
(part,american)	12
(part,april)	8
(part,city)	38
(part,county)	107
(part,first)	179
(part,history)	25
(part,i)	171
(part,january)	9
(part,john)	4
(part,known)	7
(part,made)	45
(part,march)	1
(part,national)	125
(part,north)	81
(part,october)	9
(part,other)	34
(part,p)	29
(part,part)	130
(part,people)	12
(part,population)	3
(part,quot)	473
(part,s)	111
(part,school)	27
(part,september)	3
(part,south)	87
(part,state)	21
(part,states)	27
(part,this)	305
(part,three)	61
(part,time)	256
(part,two)	177
(part,united)	12
(part,university)	10
(part,used)	22
(part,war)	21
(part,world)	25
(part,year)	8
(part,years)	23
(part,york)	5
(people,1)	749
(people,2)	584
(people,2006)	31
(people,2007)	37
(people,2008)	36
(people,2009)	47
(people,2010)	53
(people,2011)	41
(people,3)	417
(people,4)	365
(people,age)	24
(people,american)	567
(people,april)	27
(people,city)	31
(people,county)	38
(people,first)	58
(people,history)	43
(people,i)	65
(people,january)	16
(people,john)	31
(people,known)	35
(people,made)	32
(people,march)	16
(people,national)	36
(people,north)	31
(people,october)	7
(people,other)	298
(people,p)	14
(people,part)	12
(people,people)	826
(people,population)	30
(people,quot)	754
(people,s)	1723
(people,school)	42
(people,september)	20
(people,south)	45
(people,state)	14
(people,states)	55
(people,this)	120
(people,three)	63
(people,time)	44
(people,two)	118
(people,united)	36
(people,university)	47
(people,used)	45
(people,war)	27
(people,world)	55
(people,year)	31
(people,years)	24
(people,york)	37
(population,1)	402
(population,2)	246
(population,2006)	65
(population,2007)	48
(population,2008)	36
(population,2009)	81
(population,2010)	291
(population,2011)	76
(population,3)	159
(population,4)	140
(population,age)	34
(population,american)	54
(population,april)	10
(population,city)	1087
(population,county)	567
(population,first)	12
(population,history)	55
(population,i)	42
(population,january)	8
(population,john)	2
(population,known)	8
(population,made)	15
(population,march)	7
(population,national)	19
(population,north)	11
(population,october)	1
(population,other)	28
(population,p)	9
(population,part)	3
(population,people)	30
(population,population)	232
(population,quot)	66
(population,s)	622
(population,school)	15
(population,september)	4
(population,south)	17
(population,state)	31
(population,states)	540
(population,this)	66
(population,three)	5
(population,time)	12
(population,two)	10
(population,united)	50
(population,university)	7
(population,used)	3
(population,war)	15
(population,world)	54
(population,year)	79
(population,years)	26
(population,york)	7
(quot,1)	1564
(quot,2)	1812
(quot,2006)	542
(quot,2007)	630
(quot,2008)	633
(quot,2009)	560
(quot,2010)	640
(quot,2011)	827
(quot,3)	1189
(quot,4)	942
(quot,age)	240
(quot,american)	848
(quot,april)	314
(quot,city)	892
(quot,county)	309
(quot,first)	1135
(quot,history)	816
(quot,i)	4120
(quot,january)	293
(quot,john)	964
(quot,known)	1068
(quot,made)	377
(quot,march)	356
(quot,national)	559
(quot,north)	265
(quot,october)	301
(quot,other)	843
(quot,p)	1605
(quot,part)	473
(quot,people)	754
(quot,population)	66
(quot,quot)	85890
(quot,s)	5863
(quot,school)	453
(quot,september)	311
(quot,south)	298
(quot,state)	582
(quot,states)	726
(quot,this)	2425
(quot,three)	581
(quot,time)	1161
(quot,two)	779
(quot,united)	411
(quot,university)	328
(quot,used)	611
(quot,war)	641
(quot,world)	1277
(quot,year)	505
(quot,years)	445
(quot,york)	536
(s,1)	975
(s,2)	826
(s,2006)	220
(s,2007)	226
(s,2008)	231
(s,2009)	192
(s,2010)	286
(s,2011)	208
(s,3)	567
(s,4)	363
(s,age)	124
(s,american)	336
(s,april)	81
(s,city)	1668
(s,county)	515
(s,first)	2649
(s,history)	902
(s,i)	827
(s,january)	67
(s,john)	778
(s,known)	246
(s,made)	172
(s,march)	131
(s,national)	627
(s,north)	202
(s,october)	86
(s,other)	837
(s,p)	694
(s,part)	111
(s,people)	1723
(s,population)	622
(s,quot)	5863
(s,s)	3982
(s,school)	1007
(s,september)	62
(s,south)	157
(s,state)	1404
(s,states)	233
(s,this)	583
(s,three)	321
(s,time)	453
(s,two)	584
(s,united)	150
(s,university)	760
(s,used)	250
(s,war)	566
(s,world)	2491
(s,year)	728
(s,years)	162
(s,york)	393
(school,1)	65
(school,2)	37
(school,2006)	48
(school,2007)	46
(school,2008)	57
(school,2009)	73
(school,2010)	89
(school,2011)	55
(school,3)	42
(school,4)	34
(school,age)	58
(school,american)	81
(school,april)	12
(school,city)	120
(school,county)	278
(school,first)	159
(school,history)	54
(school,i)	30
(school,january)	12
(school,john)	47
(school,known)	27
(school,made)	7
(school,march)	7
(school,national)	141
(school,north)	86
(school,october)	9
(school,other)	55
(school,p)	27
(school,part)	27
(school,people)	42
(school,population)	15
(school,quot)	453
(school,s)	1007
(school,school)	474
(school,september)	18
(school,south)	77
(school,state)	113
(school,states)	15
(school,this)	109
(school,three)	38
(school,time)	16
(school,two)	83
(school,united)	16
(school,university)	267
(school,used)	16
(school,war)	3
(school,world)	9
(school,year)	200
(school,years)	36
(school,york)	37
(september,1)	613
(september,2)	478
(september,2006)	616
(september,2007)	1014
(september,2008)	1025
(september,2009)	1230
(september,2010)	2359
(september,2011)	2019
(september,3)	464
(september,4)	329
(september,age)	7
(september,american)	38
(september,april)	65
(september,city)	36
(september,county)	16
(september,first)	24
(september,history)	39
(september,i)	15
(september,january)	32
(september,john)	30
(september,known)	4
(september,made)	4
(september,march)	57
(september,national)	19
(september,north)	12
(september,october)	122
(september,other)	15
(september,p)	66
(september,part)	3
(september,people)	20
(september,population)	4
(september,quot)	311
(september,s)	62
(september,school)	18
(september,september)	274
(september,south)	9
(september,state)	18
(september,states)	22
(september,this)	73
(september,three)	16
(september,time)	34
(september,two)	21
(september,united)	25
(september,university)	28
(september,used)	3
(september,war)	19
(september,world)	29
(september,year)	36
(september,years)	18
(september,york)	129
(south,1)	89
(south,2)	96
(south,2006)	14
(south,2007)	26
(south,2008)	24
(south,2009)	27
(south,2010)	33
(south,2011)	29
(south,3)	61
(south,4)	44
(south,american)	214
(south,april)	8
(south,city)	90
(south,county)	611
(south,first)	20
(south,history)	72
(south,i)	41
(south,january)	10
(south,john)	20
(south,known)	13
(south,made)	10
(south,march)	16
(south,national)	36
(south,north)	848
(south,october)	10
(south,other)	42
(south,p)	12
(south,part)	87
(south,people)	45
(south,population)	17
(south,quot)	298
(south,s)	157
(south,school)	77
(south,september)	9
(south,south)	212
(south,state)	92
(south,states)	34
(south,this)	57
(south,three)	12
(south,time)	12
(south,two)	49
(south,united)	61
(south,university)	143
(south,used)	15
(south,war)	40
(south,world)	34
(south,year)	5
(south,years)	10
(south,york)	16
(state,1)	78
(state,2)	64
(state,2006)	51
(state,2007)	53
(state,2008)	55
(state,2009)	56
(state,2010)	96
(state,2011)	68
(state,3)	43
(state,4)	42
(state,age)	5
(state,american)	25
(state,april)	22
(state,city)	183
(state,county)	476
(state,first)	100
(state,history)	85
(state,i)	45
(state,january)	25
(state,john)	39
(state,known)	28
(state,made)	21
(state,march)	25
(state,national)	101
(state,north)	203
(state,october)	10
(state,other)	74
(state,p)	46
(state,part)	21
(state,people)	14
(state,population)	31
(state,quot)	582
(state,s)	1404
(state,school)	113
(state,september)	18
(state,south)	92
(state,state)	244
(state,states)	328
(state,this)	170
(state,three)	31
(state,time)	20
(state,two)	68
(state,united)	368
(state,university)	1480
(state,used)	13
(state,war)	74
(state,world)	9
(state,year)	24
(state,years)	11
(state,york)	1104
(states,1)	89
(states,2)	133
(states,2006)	42
(states,2007)	56
(states,2008)	52
(states,2009)	46
(states,2010)	237
(states,2011)	178
(states,3)	62
(states,4)	42
(states,age)	4
(states,american)	136
(states,april)	23
(states,city)	141
(states,county)	66
(states,first)	70
(states,history)	110
(states,i)	35
(states,january)	34
(states,john)	38
(states,known)	14
(states,made)	20
(states,march)	33
(states,national)	217
(states,north)	48
(states,october)	29
(states,other)	244
(states,p)	18
(states,part)	27
(states,people)	55
(states,population)	540
(states,quot)	726
(states,s)	233
(states,school)	15
(states,september)	22
(states,south)	34
(states,state)	328
(states,states)	208
(states,this)	124
(states,three)	45
(states,time)	9
(states,two)	107
(states,united)	21464
(states,university)	58
(states,used)	13
(states,war)	56
(states,world)	69
(states,year)	16
(states,years)	21
(states,york)	223
(this,1)	223
(this,2)	214
(this,2006)	98
(this,2007)	132
(this,2008)	138
(this,2009)	153
(this,2010)	203
(this,2011)	216
(this,3)	149
(this,4)	114
(this,age)	65
(this,american)	46
(this,april)	76
(this,city)	162
(this,county)	75
(this,first)	206
(this,history)	113
(this,i)	262
(this,january)	65
(this,john)	31
(this,known)	168
(this,made)	263
(this,march)	73
(this,national)	48
(this,north)	63
(this,october)	67
(this,other)	222
(this,p)	207
(this,part)	305
(this,people)	120
(this,population)	66
(this,quot)	2425
(this,s)	583
(this,school)	109
(this,september)	73
(this,south)	57
(this,state)	170
(this,states)	124
(this,this)	222
(this,three)	58
(this,time)	2142
(this,two)	101
(this,united)	57
(this,university)	45
(this,used)	326
(this,war)	175
(this,world)	194
(this,year)	359
(this,years)	164
(this,york)	41
(three,1)	43
(three,2)	26
(three,2006)	19
(three,2007)	30
(three,2008)	22
(three,2009)	17
(three,2010)	19
(three,2011)	28
(three,3)	41
(three,4)	19
(three,age)	28
(three,american)	32
(three,april)	18
(three,city)	37
(three,county)	23
(three,first)	322
(three,history)	10
(three,i)	32
(three,january)	10
(three,john)	6
(three,known)	21
(three,made)	50
(three,march)	10
(three,national)	39
(three,north)	42
(three,october)	11
(three,other)	203
(three,p)	23
(three,part)	61
(three,people)	63
(three,population)	5
(three,quot)	581
(three,s)	321
(three,school)	38
(three,september)	16
(three,south)	12
(three,state)	31
(three,states)	45
(three,this)	58
(three,three)	56
(three,time)	88
(three,two)	360
(three,united)	11
(three,university)	12
(three,used)	29
(three,war)	12
(three,world)	49
(three,year)	257
(three,years)	938
(three,york)	13
(time,1)	144
(time,2)	105
(time,2006)	56
(time,2007)	52
(time,2008)	61
(time,2009)	56
(time,2010)	44
(time,2011)	49
(time,3)	72
(time,4)	81
(time,age)	8
(time,american)	38
(time,april)	46
(time,city)	41
(time,county)	18
(time,first)	1564
(time,history)	57
(time,i)	120
(time,january)	36
(time,john)	20
(time,known)	26
(time,made)	53
(time,march)	39
(time,national)	23
(time,north)	5
(time,october)	51
(time,other)	93
(time,p)	29
(time,part)	256
(time,people)	44
(time,population)	12
(time,quot)	1161
(time,s)	453
(time,school)	16
(time,september)	34
(time,south)	12
(time,state)	20
(time,states)	9
(time,this)	2142
(time,three)	88
(time,time)	1084
(time,two)	151
(time,united)	15
(time,university)	21
(time,used)	43
(time,war)	60
(time,world)	128
(time,year)	60
(time,years)	34
(time,york)	21
(two,1)	137
(two,2)	134
(two,2006)	33
(two,2007)	39
(two,2008)	44
(two,2009)	33
(two,2010)	58
(two,2011)	53
(two,3)	105
(two,4)	68
(two,age)	21
(two,american)	50
(two,april)	23
(two,city)	79
(two,county)	36
(two,first)	612
(two,history)	21
(two,i)	56
(two,january)	20
(two,john)	26
(two,known)	45
(two,made)	104
(two,march)	16
(two,national)	44
(two,north)	42
(two,october)	19
(two,other)	588
(two,p)	41
(two,part)	177
(two,people)	118
(two,population)	10
(two,quot)	779
(two,s)	584
(two,school)	83
(two,september)	21
(two,south)	49
(two,state)	68
(two,states)	107
(two,this)	101
(two,three)	360
(two,time)	151
(two,two)	144
(two,united)	25
(two,university)	19
(two,used)	86
(two,war)	90
(two,world)	121
(two,year)	337
(two,years)	1370
(two,york)	14
(united,1)	92
(united,2)	99
(united,2006)	60
(united,2007)	63
(united,2008)	84
(united,2009)	77
(united,2010)	289
(united,2011)	82
(united,3)	61
(united,4)	42
(united,age)	3
(united,american)	125
(united,april)	24
(united,city)	89
(united,county)	721
(united,first)	68
(united,history)	105
(united,i)	42
(united,january)	34
(united,john)	32
(united,known)	5
(united,made)	16
(united,march)	33
(united,national)	223
(united,north)	101
(united,october)	36
(united,other)	17
(united,p)	16
(united,part)	12
(united,people)	36
(united,population)	50
(united,quot)	411
(united,s)	150
(united,school)	16
(united,september)	25
(united,south)	61
(united,state)	368
(united,states)	21464
(united,this)	57
(united,three)	11
(united,time)	15
(united,two)	25
(united,united)	292
(united,university)	59
(united,used)	8
(united,war)	59
(united,world)	51
(united,year)	18
(united,years)	11
(united,york)	248
(university,1)	77
(university,2)	73
(university,2006)	225
(university,2007)	236
(university,2008)	178
(university,2009)	194
(university,2010)	194
(university,2011)	199
(university,3)	51
(university,4)	45
(university,age)	16
(university,american)	124
(university,april)	40
(university,city)	154
(university,county)	27
(university,first)	80
(university,history)	135
(university,i)	29
(university,january)	27
(university,john)	75
(university,known)	23
(university,made)	1
(university,march)	29
(university,national)	217
(university,north)	325
(university,october)	26
(university,other)	54
(university,p)	135
(university,part)	10
(university,people)	47
(university,population)	7
(university,quot)	328
(university,s)	760
(university,school)	267
(university,september)	28
(university,south)	143
(university,state)	1480
(university,states)	58
(university,this)	45
(university,three)	12
(university,time)	21
(university,two)	19
(university,united)	59
(university,university)	960
(university,used)	13
(university,war)	40
(university,world)	196
(university,year)	35
(university,years)	26
(university,york)	446
(used,1)	30
(used,2)	24
(used,2006)	4
(used,2007)	10
(used,2008)	14
(used,2009)	9
(used,2010)	14
(used,2011)	17
(used,3)	23
(used,4)	21
(used,age)	2
(used,american)	24
(used,april)	2
(used,city)	17
(used,county)	8
(used,first)	231
(used,history)	13
(used,i)	65
(used,january)	10
(used,john)	15
(used,known)	6
(used,made)	9
(used,march)	4
(used,national)	7
(used,north)	21
(used,october)	4
(used,other)	141
(used,p)	13
(used,part)	22
(used,people)	45
(used,population)	3
(used,quot)	611
(used,s)	250
(used,school)	16
(used,september)	3
(used,south)	15
(used,state)	13
(used,states)	13
(used,this)	326
(used,three)	29
(used,time)	43
(used,two)	86
(used,united)	8
(used,university)	13
(used,used)	14
(used,war)	16
(used,world)	46
(used,year)	18
(used,years)	19
(used,york)	7
(war,1)	52
(war,2)	64
(war,2006)	18
(war,2007)	28
(war,2008)	29
(war,2009)	30
(war,2010)	26
(war,2011)	24
(war,3)	33
(war,4)	20
(war,age)	8
(war,american)	909
(war,april)	30
(war,city)	32
(war,county)	15
(war,first)	613
(war,history)	94
(war,i)	1317
(war,january)	12
(war,john)	49
(war,known)	23
(war,made)	32
(war,march)	14
(war,national)	47
(war,north)	35
(war,october)	23
(war,other)	46
(war,p)	53
(war,part)	21
(war,people)	27
(war,population)	15
(war,quot)	641
(war,s)	566
(war,school)	3
(war,september)	19
(war,south)	40
(war,state)	74
(war,states)	56
(war,this)	175
(war,three)	12
(war,time)	60
(war,two)	90
(war,united)	59
(war,university)	40
(war,used)	16
(war,war)	228
(war,world)	5392
(war,year)	42
(war,years)	387
(war,york)	49
(world,1)	290
(world,2)	148
(world,2006)	148
(world,2007)	105
(world,2008)	106
(world,2009)	133
(world,2010)	229
(world,2011)	158
(world,3)	68
(world,4)	30
(world,age)	13
(world,american)	43
(world,april)	35
(world,city)	41
(world,county)	7
(world,first)	509
(world,history)	163
(world,i)	1349
(world,january)	32
(world,john)	32
(world,known)	36
(world,made)	34
(world,march)	24
(world,national)	34
(world,north)	16
(world,october)	26
(world,other)	77
(world,p)	36
(world,part)	25
(world,people)	55
(world,population)	54
(world,quot)	1277
(world,s)	2491
(world,school)	9
(world,september)	29
(world,south)	34
(world,state)	9
(world,states)	69
(world,this)	194
(world,three)	49
(world,time)	128
(world,two)	121
(world,united)	51
(world,university)	196
(world,used)	46
(world,war)	5392
(world,world)	138
(world,year)	61
(world,years)	43
(world,york)	69
(year,1)	208
(year,2)	114
(year,2006)	65
(year,2007)	94
(year,2008)	112
(year,2009)	83
(year,2010)	112
(year,2011)	118
(year,3)	86
(year,4)	91
(year,age)	17
(year,american)	24
(year,april)	35
(year,city)	41
(year,county)	8
(year,first)	424
(year,history)	69
(year,i)	26
(year,january)	46
(year,john)	25
(year,known)	6
(year,made)	33
(year,march)	40
(year,national)	25
(year,north)	8
(year,october)	30
(year,other)	36
(year,p)	18
(year,part)	8
(year,people)	31
(year,population)	79
(year,quot)	505
(year,s)	728
(year,school)	200
(year,september)	36
(year,south)	5
(year,state)	24
(year,states)	16
(year,this)	359
(year,three)	257
(year,time)	60
(year,two)	337
(year,united)	18
(year,university)	35
(year,used)	18
(year,war)	42
(year,world)	61
(year,year)	410
(year,years)	23
(year,york)	10
(years,1)	162
(years,2)	235
(years,2006)	20
(years,2007)	27
(years,2008)	36
(years,2009)	41
(years,2010)	40
(years,2011)	55
(years,3)	238
(years,4)	146
(years,age)	3134
(years,american)	20
(years,april)	18
(years,city)	28
(years,county)	13
(years,first)	358
