(1,1)	16820
(1,2)	10805
(1,2006)	775
(1,2007)	971
(1,2008)	928
(1,2009)	894
(1,2010)	1361
(1,2011)	1122
(1,3)	6319
(1,4)	4797
(1,age)	306
(1,american)	896
(1,april)	956
(1,city)	317
(1,county)	244
(1,first)	293
(1,history)	220
(1,i)	975
(1,january)	1372
(1,john)	249
(1,known)	49
(1,made)	73
(1,march)	863
(1,national)	142
(1,north)	143
(1,october)	692
(1,other)	819
(1,p)	1266
(1,part)	499
(1,people)	1147
(1,population)	1195
(1,quot)	2313
(1,s)	1618
(1,school)	118
(1,september)	699
(1,south)	183
(1,state)	153
(1,states)	144
(1,this)	370
(1,three)	104
(1,time)	239
(1,two)	675
(1,united)	269
(1,university)	178
(1,used)	69
(1,war)	94
(1,world)	422
(1,year)	345
(1,years)	241
(1,york)	311
(2,1)	10805
(2,2)	11316
(2,2006)	535
(2,2007)	637
(2,2008)	695
(2,2009)	726
(2,2010)	1098
(2,2011)	946
(2,3)	6474
(2,4)	4192
(2,age)	326
(2,american)	483
(2,april)	545
(2,city)	216
(2,county)	602
(2,first)	210
(2,history)	193
(2,i)	514
(2,january)	601
(2,john)	171
(2,known)	42
(2,made)	58
(2,march)	612
(2,national)	82
(2,north)	132
(2,october)	450
(2,other)	433
(2,p)	943
(2,part)	442
(2,people)	741
(2,population)	694
(2,quot)	2572
(2,s)	1360
(2,school)	85
(2,september)	569
(2,south)	159
(2,state)	116
(2,states)	215
(2,this)	341
(2,three)	64
(2,time)	175
(2,two)	428
(2,united)	278
(2,university)	141
(2,used)	65
(2,war)	99
(2,world)	232
(2,year)	190
(2,years)	296
(2,york)	169
(2006,1)	775
(2006,2)	535
(2006,2006)	874
(2006,2007)	679
(2006,2008)	385
(2006,2009)	325
(2006,2010)	400
(2006,2011)	328
(2006,3)	429
(2006,4)	361
(2006,age)	23
(2006,american)	160
(2006,april)	664
(2006,city)	85
(2006,county)	44
(2006,first)	76
(2006,history)	117
(2006,i)	56
(2006,january)	538
(2006,john)	76
(2006,known)	12
(2006,made)	31
(2006,march)	565
(2006,national)	96
(2006,north)	43
(2006,october)	690
(2006,other)	36
(2006,p)	455
(2006,part)	36
(2006,people)	51
(2006,population)	97
(2006,quot)	811
(2006,s)	475
(2006,school)	68
(2006,september)	671
(2006,south)	27
(2006,state)	78
(2006,states)	81
(2006,this)	150
(2006,three)	33
(2006,time)	106
(2006,two)	54
(2006,united)	106
(2006,university)	304
(2006,used)	17
(2006,war)	40
(2006,world)	222
(2006,year)	100
(2006,years)	45
(2006,york)	137
(2007,1)	971
(2007,2)	637
(2007,2006)	679
(2007,2007)	1562
(2007,2008)	841
(2007,2009)	482
(2007,2010)	609
(2007,2011)	450
(2007,3)	556
(2007,4)	509
(2007,age)	26
(2007,american)	172
(2007,april)	1071
(2007,city)	145
(2007,county)	98
(2007,first)	121
(2007,history)	190
(2007,i)	72
(2007,january)	891
(2007,john)	90
(2007,known)	9
(2007,made)	36
(2007,march)	1002
(2007,national)	112
(2007,north)	75
(2007,october)	1082
(2007,other)	86
(2007,p)	415
(2007,part)	36
(2007,people)	63
(2007,population)	70
(2007,quot)	948
(2007,s)	502
(2007,school)	81
(2007,september)	1116
(2007,south)	46
(2007,state)	96
(2007,states)	122
(2007,this)	202
(2007,three)	48
(2007,time)	112
(2007,two)	83
(2007,united)	129
(2007,university)	332
(2007,used)	24
(2007,war)	47
(2007,world)	204
(2007,year)	145
(2007,years)	69
(2007,york)	173
(2008,1)	928
(2008,2)	695
(2008,2006)	385
(2008,2007)	841
(2008,2008)	2084
(2008,2009)	828
(2008,2010)	734
(2008,2011)	502
(2008,3)	569
(2008,4)	549
(2008,age)	29
(2008,american)	137
(2008,april)	1236
(2008,city)	152
(2008,county)	80
(2008,first)	122
(2008,history)	231
(2008,i)	64
(2008,january)	1115
(2008,john)	121
(2008,known)	17
(2008,made)	31
(2008,march)	1031
(2008,national)	156
(2008,north)	61
(2008,october)	1236
(2008,other)	126
(2008,p)	375
(2008,part)	41
(2008,people)	71
(2008,population)	59
(2008,quot)	966
(2008,s)	584
(2008,school)	88
(2008,september)	1169
(2008,south)	44
(2008,state)	90
(2008,states)	111
(2008,this)	223
(2008,three)	37
(2008,time)	110
(2008,two)	85
(2008,united)	153
(2008,university)	298
(2008,used)	28
(2008,war)	64
(2008,world)	228
(2008,year)	180
(2008,years)	72
(2008,york)	186
(2009,1)	894
(2009,2)	726
(2009,2006)	325
(2009,2007)	482
(2009,2008)	828
(2009,2009)	2334
(2009,2010)	1246
(2009,2011)	628
(2009,3)	687
(2009,4)	521
(2009,age)	34
(2009,american)	134
(2009,april)	1230
(2009,city)	190
(2009,county)	96
(2009,first)	109
(2009,history)	210
(2009,i)	59
(2009,january)	1326
(2009,john)	138
(2009,known)	16
(2009,made)	44
(2009,march)	1178
(2009,national)	122
(2009,north)	56
(2009,october)	1277
(2009,other)	104
(2009,p)	258
(2009,part)	44
(2009,people)	81
(2009,population)	103
(2009,quot)	914
(2009,s)	518
(2009,school)	108
(2009,september)	1409
(2009,south)	57
(2009,state)	111
(2009,states)	77
(2009,this)	239
(2009,three)	38
(2009,time)	108
(2009,two)	64
(2009,united)	148
(2009,university)	278
(2009,used)	21
(2009,war)	47
(2009,world)	226
(2009,year)	149
(2009,years)	82
(2009,york)	172
(2010,1)	1361
(2010,2)	1098
(2010,2006)	400
(2010,2007)	609
(2010,2008)	734
(2010,2009)	1246
(2010,2010)	3712
(2010,2011)	1297
(2010,3)	919
(2010,4)	725
(2010,age)	39
(2010,american)	222
(2010,april)	2053
(2010,city)	367
(2010,county)	187
(2010,first)	142
(2010,history)	360
(2010,i)	72
(2010,january)	1863
(2010,john)	140
(2010,known)	26
(2010,made)	41
(2010,march)	1703
(2010,national)	190
(2010,north)	75
(2010,october)	1830
(2010,other)	129
(2010,p)	250
(2010,part)	39
(2010,people)	86
(2010,population)	478
(2010,quot)	978
(2010,s)	735
(2010,school)	131
(2010,september)	2520
(2010,south)	61
(2010,state)	172
(2010,states)	379
(2010,this)	306
(2010,three)	37
(2010,time)	111
(2010,two)	97
(2010,united)	443
(2010,university)	308
(2010,used)	32
(2010,war)	50
(2010,world)	345
(2010,year)	176
(2010,years)	95
(2010,york)	190
(2011,1)	1122
(2011,2)	946
(2011,2006)	328
(2011,2007)	450
(2011,2008)	502
(2011,2009)	628
(2011,2010)	1297
(2011,2011)	3986
(2011,3)	746
(2011,4)	698
(2011,age)	28
(2011,american)	128
(2011,april)	2101
(2011,city)	190
(2011,county)	161
(2011,first)	169
(2011,history)	275
(2011,i)	66
(2011,january)	1762
(2011,john)	127
(2011,known)	27
(2011,made)	42
(2011,march)	1985
(2011,national)	163
(2011,north)	68
(2011,october)	2202
(2011,other)	148
(2011,p)	193
(2011,part)	67
(2011,people)	80
(2011,population)	117
(2011,quot)	1165
(2011,s)	582
(2011,school)	105
(2011,september)	2143
(2011,south)	58
(2011,state)	138
(2011,states)	217
(2011,this)	308
(2011,three)	54
(2011,time)	124
(2011,two)	99
(2011,united)	302
(2011,university)	365
(2011,used)	33
(2011,war)	67
(2011,world)	251
(2011,year)	201
(2011,years)	96
(2011,york)	142
(3,1)	6319
(3,2)	6474
(3,2006)	429
(3,2007)	556
(3,2008)	569
(3,2009)	687
(3,2010)	919
(3,2011)	746
(3,3)	7052
(3,4)	4415
(3,age)	402
(3,american)	332
(3,april)	551
(3,city)	156
(3,county)	121
(3,first)	163
(3,history)	139
(3,i)	233
(3,january)	763
(3,john)	159
(3,known)	21
(3,made)	43
(3,march)	760
(3,national)	84
(3,north)	98
(3,october)	482
(3,other)	267
(3,p)	639
(3,part)	174
(3,people)	522
(3,population)	527
(3,quot)	1784
(3,s)	997
(3,school)	74
(3,september)	538
(3,south)	109
(3,state)	79
(3,states)	118
(3,this)	259
(3,three)	68
(3,time)	129
(3,two)	259
(3,united)	148
(3,university)	104
(3,used)	48
(3,war)	63
(3,world)	119
(3,year)	164
(3,years)	305
(3,york)	201
(4,1)	4797
(4,2)	4192
(4,2006)	361
(4,2007)	509
(4,2008)	549
(4,2009)	521
(4,2010)	725
(4,2011)	698
(4,3)	4415
(4,4)	4148
(4,age)	444
(4,american)	295
(4,april)	588
(4,city)	100
(4,county)	121
(4,first)	108
(4,history)	104
(4,i)	129
(4,january)	490
(4,john)	97
(4,known)	24
(4,made)	51
(4,march)	775
(4,national)	72
(4,north)	74
(4,october)	447
(4,other)	231
(4,p)	509
(4,part)	91
(4,people)	442
(4,population)	443
(4,quot)	1370
(4,s)	640
(4,school)	86
(4,september)	389
(4,south)	86
(4,state)	71
(4,states)	77
(4,this)	197
(4,three)	42
(4,time)	127
(4,two)	172
(4,united)	109
(4,university)	82
(4,used)	37
(4,war)	42
(4,world)	83
(4,year)	159
(4,years)	211
(4,york)	135
(age,1)	306
(age,2)	326
(age,2006)	23
(age,2007)	26
(age,2008)	29
(age,2009)	34
(age,2010)	39
(age,2011)	28
(age,3)	402
(age,4)	444
(age,age)	136
(age,american)	19
(age,april)	16
(age,city)	34
(age,county)	8
(age,first)	73
(age,history)	17
(age,i)	22
(age,january)	13
(age,john)	11
(age,known)	9
(age,made)	5
(age,march)	18
(age,national)	8
(age,north)	7
(age,october)	17
(age,other)	22
(age,p)	49
(age,part)	10
(age,people)	47
(age,population)	56
(age,quot)	348
(age,s)	183
(age,school)	95
(age,september)	12
(age,south)	2
(age,state)	7
(age,states)	14
(age,this)	89
(age,three)	46
(age,time)	25
(age,two)	36
(age,united)	7
(age,university)	26
(age,used)	7
(age,war)	15
(age,world)	31
(age,year)	32
(age,years)	4561
(age,york)	16
(american,1)	896
(american,2)	483
(american,2006)	160
(american,2007)	172
(american,2008)	137
(american,2009)	134
(american,2010)	222
(american,2011)	128
(american,3)	332
(american,4)	295
(american,age)	19
(american,american)	1334
(american,april)	85
(american,city)	103
(american,county)	30
(american,first)	396
(american,history)	481
(american,i)	40
(american,january)	96
(american,john)	241
(american,known)	88
(american,made)	56
(american,march)	80
(american,national)	151
(american,north)	750
(american,october)	70
(american,other)	131
(american,p)	85
(american,part)	40
(american,people)	664
(american,population)	65
(american,quot)	1188
(american,s)	812
(american,school)	99
(american,september)	76
(american,south)	237
(american,state)	87
(american,states)	347
(american,this)	89
(american,three)	42
(american,time)	73
(american,two)	81
(american,united)	251
(american,university)	217
(american,used)	46
(american,war)	1009
(american,world)	123
(american,year)	44
(american,years)	45
(american,york)	186
(april,1)	956
(april,2)	545
(april,2006)	664
(april,2007)	1071
(april,2008)	1236
(april,2009)	1230
(april,2010)	2053
(april,2011)	2101
(april,3)	551
(april,4)	588
(april,age)	16
(april,american)	85
(april,april)	888
(april,city)	86
(april,county)	66
(april,first)	78
(april,history)	106
(april,i)	42
(april,january)	265
(april,john)	59
(april,known)	8
(april,made)	22
(april,march)	411
(april,national)	80
(april,north)	24
(april,october)	255
(april,other)	63
(april,p)	182
(april,part)	22
(april,people)	60
(april,population)	17
(april,quot)	616
(april,s)	221
(april,school)	33
(april,september)	258
(april,south)	22
(april,state)	44
(april,states)	50
(april,this)	128
(april,three)	28
(april,time)	89
(april,two)	60
(april,united)	71
(april,university)	86
(april,used)	8
(april,war)	51
(april,world)	61
(april,year)	70
(april,years)	47
(april,york)	171
(city,1)	317
(city,2)	216
(city,2006)	85
(city,2007)	145
(city,2008)	152
(city,2009)	190
(city,2010)	367
(city,2011)	190
(city,3)	156
(city,4)	100
(city,age)	34
(city,american)	103
(city,april)	86
(city,city)	1386
(city,county)	722
(city,first)	217
(city,history)	259
(city,i)	57
(city,january)	88
(city,john)	44
(city,known)	119
(city,made)	49
(city,march)	71
(city,national)	105
(city,north)	252
(city,october)	69
(city,other)	142
(city,p)	58
(city,part)	216
(city,people)	114
(city,population)	1319
(city,quot)	1228
(city,s)	1980
(city,school)	211
(city,september)	74
(city,south)	235
(city,state)	283
(city,states)	201
(city,this)	230
(city,three)	71
(city,time)	84
(city,two)	136
(city,united)	249
(city,university)	214
(city,used)	43
(city,war)	52
(city,world)	117
(city,year)	83
(city,years)	53
(city,york)	2491
(county,1)	244
(county,2)	602
(county,2006)	44
(county,2007)	98
(county,2008)	80
(county,2009)	96
(county,2010)	187
(county,2011)	161
(county,3)	121
(county,4)	121
(county,age)	8
(county,american)	30
(county,april)	66
(county,city)	722
(county,county)	6402
(county,first)	96
(county,history)	516
(county,i)	39
(county,january)	60
(county,john)	37
(county,known)	44
(county,made)	22
(county,march)	65
(county,national)	146
(county,north)	865
(county,october)	42
(county,other)	66
(county,p)	29
(county,part)	326
(county,people)	287
(county,population)	695
(county,quot)	419
(county,s)	797
(county,school)	364
(county,september)	36
(county,south)	756
(county,state)	712
(county,states)	955
(county,this)	97
(county,three)	47
(county,time)	44
(county,two)	78
(county,united)	963
(county,university)	53
(county,used)	23
(county,war)	38
(county,world)	18
(county,year)	28
(county,years)	30
(county,york)	526
(first,1)	293
(first,2)	210
(first,2006)	76
(first,2007)	121
(first,2008)	122
(first,2009)	109
(first,2010)	142
(first,2011)	169
(first,3)	163
(first,4)	108
(first,age)	73
(first,american)	396
(first,april)	78
(first,city)	217
(first,county)	96
(first,first)	282
(first,history)	290
(first,i)	183
(first,january)	90
(first,john)	98
(first,known)	260
(first,made)	347
(first,march)	90
(first,national)	181
(first,north)	85
(first,october)	105
(first,other)	96
(first,p)	122
(first,part)	242
(first,people)	83
(first,population)	23
(first,quot)	1794
(first,s)	3075
(first,school)	246
(first,september)	92
(first,south)	50
(first,state)	182
(first,states)	132
(first,this)	719
(first,three)	422
(first,time)	1662
(first,two)	769
(first,united)	138
(first,university)	149
(first,used)	311
(first,war)	739
(first,world)	836
(first,year)	506
(first,years)	477
(first,york)	62
(history,1)	220
(history,2)	193
(history,2006)	117
(history,2007)	190
(history,2008)	231
(history,2009)	210
(history,2010)	360
(history,2011)	275
(history,3)	139
(history,4)	104
(history,age)	17
(history,american)	481
(history,april)	106
(history,city)	259
(history,county)	516
(history,first)	290
(history,history)	1316
(history,i)	78
(history,january)	90
(history,john)	123
(history,known)	78
(history,made)	47
(history,march)	116
(history,national)	97
(history,north)	112
(history,october)	55
(history,other)	58
(history,p)	203
(history,part)	77
(history,people)	111
(history,population)	68
(history,quot)	1166
(history,s)	1207
(history,school)	98
(history,september)	78
(history,south)	104
(history,state)	174
(history,states)	158
(history,this)	154
(history,three)	26
(history,time)	175
(history,two)	36
(history,united)	305
(history,university)	288
(history,used)	24
(history,war)	176
(history,world)	269
(history,year)	89
(history,years)	121
(history,york)	125
(i,1)	975
(i,2)	514
(i,2006)	56
(i,2007)	72
(i,2008)	64
(i,2009)	59
(i,2010)	72
(i,2011)	66
(i,3)	233
(i,4)	129
(i,age)	22
(i,american)	40
(i,april)	42
(i,city)	57
(i,county)	39
(i,first)	183
(i,history)	78
(i,i)	4106
(i,january)	41
(i,john)	120
(i,known)	74
(i,made)	103
(i,march)	45
(i,national)	27
(i,north)	84
(i,october)	36
(i,other)	125
(i,p)	531
(i,part)	213
(i,people)	104
(i,population)	51
(i,quot)	5201
(i,s)	1286
(i,school)	58
(i,september)	28
(i,south)	62
(i,state)	117
(i,states)	86
(i,this)	444
(i,three)	60
(i,time)	165
(i,two)	104
(i,united)	63
(i,university)	64
(i,used)	103
(i,war)	1409
(i,world)	1394
(i,year)	46
(i,years)	90
(i,york)	40
(january,1)	1372
(january,2)	601
(january,2006)	538
(january,2007)	891
(january,2008)	1115
(january,2009)	1326
(january,2010)	1863
(january,2011)	1762
(january,3)	763
(january,4)	490
(january,age)	13
(january,american)	96
(january,april)	265
(january,city)	88
(january,county)	60
(january,first)	90
(january,history)	90
(january,i)	41
(january,january)	1032
(january,john)	96
(january,known)	9
(january,made)	24
(january,march)	274
(january,national)	39
(january,north)	14
(january,october)	199
(january,other)	44
(january,p)	118
(january,part)	26
(january,people)	27
(january,population)	16
(january,quot)	560
(january,s)	202
(january,school)	23
(january,september)	213
(january,south)	33
(january,state)	55
(january,states)	88
(january,this)	109
(january,three)	20
(january,time)	56
(january,two)	43
(january,united)	78
(january,university)	62
(january,used)	14
(january,war)	40
(january,world)	52
(january,year)	81
(january,years)	39
(january,york)	164
(john,1)	249
(john,2)	171
(john,2006)	76
(john,2007)	90
(john,2008)	121
(john,2009)	138
(john,2010)	140
(john,2011)	127
(john,3)	159
(john,4)	97
(john,age)	11
(john,american)	241
(john,april)	59
(john,city)	44
(john,county)	37
(john,first)	98
(john,history)	123
(john,i)	120
(john,january)	96
(john,john)	1486
(john,known)	49
(john,made)	42
(john,march)	82
(john,national)	37
(john,north)	47
(john,october)	68
(john,other)	56
(john,p)	271
(john,part)	16
(john,people)	41
(john,population)	3
(john,quot)	1342
(john,s)	1421
(john,school)	100
(john,september)	53
(john,south)	36
(john,state)	55
(john,states)	64
(john,this)	66
(john,three)	26
(john,time)	37
(john,two)	55
(john,united)	78
(john,university)	153
(john,used)	26
(john,war)	70
(john,world)	63
(john,year)	40
(john,years)	42
(john,york)	117
(known,1)	49
(known,2)	42
(known,2006)	12
(known,2007)	9
(known,2008)	17
(known,2009)	16
(known,2010)	26
(known,2011)	27
(known,3)	21
(known,4)	24
(known,age)	9
(known,american)	88
(known,april)	8
(known,city)	119
(known,county)	44
(known,first)	260
(known,history)	78
(known,i)	74
(known,january)	9
(known,john)	49
(known,known)	12
(known,made)	70
(known,march)	12
(known,national)	36
(known,north)	44
(known,october)	11
(known,other)	140
(known,p)	22
(known,part)	17
(known,people)	64
(known,population)	14
(known,quot)	1813
(known,s)	478
(known,school)	50
(known,september)	13
(known,south)	27
(known,state)	61
(known,states)	26
(known,this)	403
(known,three)	55
(known,time)	118
(known,two)	83
(known,united)	31
(known,university)	44
(known,used)	28
(known,war)	49
(known,world)	84
(known,year)	51
(known,years)	28
(known,york)	18
(made,1)	73
(made,2)	58
(made,2006)	31
(made,2007)	36
(made,2008)	31
(made,2009)	44
(made,2010)	41
(made,2011)	42
(made,3)	43
(made,4)	51
(made,age)	5
(made,american)	56
(made,april)	22
(made,city)	49
(made,county)	22
(made,first)	347
(made,history)	47
(made,i)	103
(made,january)	24
(made,john)	42
(made,known)	70
(made,made)	24
(made,march)	20
(made,national)	39
(made,north)	25
(made,october)	20
(made,other)	121
(made,p)	22
(made,part)	63
(made,people)	54
(made,population)	19
(made,quot)	606
(made,s)	375
(made,school)	13
(made,september)	16
(made,south)	27
(made,state)	33
(made,states)	39
(made,this)	388
(made,three)	89
(made,time)	87
(made,two)	173
(made,united)	34
(made,university)	7
(made,used)	20
(made,war)	51
(made,world)	56
(made,year)	66
(made,years)	60
(made,york)	17
(march,1)	863
(march,2)	612
(march,2006)	565
(march,2007)	1002
(march,2008)	1031
(march,2009)	1178
(march,2010)	1703
(march,2011)	1985
(march,3)	760
(march,4)	775
(march,age)	18
(march,american)	80
(march,april)	411
(march,city)	71
(march,county)	65
(march,first)	90
(march,history)	116
(march,i)	45
(march,january)	274
(march,john)	82
(march,known)	12
(march,made)	20
(march,march)	960
(march,national)	54
(march,north)	36
(march,october)	220
(march,other)	38
(march,p)	132
(march,part)	16
(march,people)	38
(march,population)	13
(march,quot)	748
(march,s)	325
(march,school)	14
(march,september)	231
(march,south)	31
(march,state)	52
(march,states)	59
(march,this)	114
(march,three)	34
(march,time)	64
(march,two)	43
(march,united)	84
(march,university)	72
(march,used)	9
(march,war)	43
(march,world)	65
(march,year)	65
(march,years)	51
(march,york)	170
(national,1)	142
(national,2)	82
(national,2006)	96
(national,2007)	112
(national,2008)	156
(national,2009)	122
(national,2010)	190
(national,2011)	163
(national,3)	84
(national,4)	72
(national,age)	8
(national,american)	151
(national,april)	80
(national,city)	105
(national,county)	146
(national,first)	181
(national,history)	97
(national,i)	27
(national,january)	39
(national,john)	37
(national,known)	36
(national,made)	39
(national,march)	54
(national,national)	382
(national,north)	44
(national,october)	41
(national,other)	98
(national,p)	53
(national,part)	269
(national,people)	64
(national,population)	33
(national,quot)	791
(national,s)	904
(national,school)	172
(national,september)	53
(national,south)	67
(national,state)	165
(national,states)	270
(national,this)	85
(national,three)	56
(national,time)	41
(national,two)	71
(national,united)	292
(national,university)	365
(national,used)	20
(national,war)	70
(national,world)	77
(national,year)	62
(national,years)	17
(national,york)	36
(north,1)	143
(north,2)	132
(north,2006)	43
(north,2007)	75
(north,2008)	61
(north,2009)	56
(north,2010)	75
(north,2011)	68
(north,3)	98
(north,4)	74
(north,age)	7
(north,american)	750
(north,april)	24
(north,city)	252
(north,county)	865
(north,first)	85
(north,history)	112
(north,i)	84
(north,january)	14
(north,john)	47
(north,known)	44
(north,made)	25
(north,march)	36
(north,national)	44
(north,north)	570
(north,october)	30
(north,other)	70
(north,p)	35
(north,part)	129
(north,people)	79
(north,population)	26
(north,quot)	387
(north,s)	476
(north,school)	161
(north,september)	32
(north,south)	1092
(north,state)	250
(north,states)	183
(north,this)	103
(north,three)	62
(north,time)	14
(north,two)	83
(north,united)	148
(north,university)	411
(north,used)	37
(north,war)	58
(north,world)	38
(north,year)	15
(north,years)	12
(north,york)	71
(october,1)	692
(october,2)	450
(october,2006)	690
(october,2007)	1082
(october,2008)	1236
(october,2009)	1277
(october,2010)	1830
(october,2011)	2202
(october,3)	482
(october,4)	447
(october,age)	17
(october,american)	70
(october,april)	255
(october,city)	69
(october,county)	42
(october,first)	105
(october,history)	55
(october,i)	36
(october,january)	199
(october,john)	68
(october,known)	11
(october,made)	20
(october,march)	220
(october,national)	41
(october,north)	30
(october,october)	572
(october,other)	49
(october,p)	128
(october,part)	16
(october,people)	23
(october,population)	2
(october,quot)	572
(october,s)	182
(october,school)	23
(october,september)	324
(october,south)	28
(october,state)	25
(october,states)	54
(october,this)	114
(october,three)	29
(october,time)	74
(october,two)	45
(october,united)	78
(october,university)	65
(october,used)	9
(october,war)	39
(october,world)	66
(october,year)	74
(october,years)	29
(october,york)	178
(other,1)	819
(other,2)	433
(other,2006)	36
(other,2007)	86
(other,2008)	126
(other,2009)	104
(other,2010)	129
(other,2011)	148
(other,3)	267
(other,4)	231
(other,age)	22
(other,american)	131
(other,april)	63
(other,city)	142
(other,county)	66
(other,first)	96
(other,history)	58
(other,i)	125
(other,january)	44
(other,john)	56
(other,known)	140
(other,made)	121
(other,march)	38
(other,national)	98
(other,north)	70
(other,october)	49
(other,other)	248
(other,p)	107
(other,part)	51
(other,people)	354
(other,population)	47
(other,quot)	1332
(other,s)	1308
(other,school)	89
(other,september)	34
(other,south)	79
(other,state)	126
(other,states)	294
(other,this)	447
(other,three)	244
(other,time)	145
(other,two)	642
(other,united)	75
(other,university)	85
(other,used)	274
(other,war)	98
(other,world)	121
(other,year)	61
(other,years)	54
(other,york)	41
(p,1)	1266
(p,2)	943
(p,2006)	455
(p,2007)	415
(p,2008)	375
(p,2009)	258
(p,2010)	250
(p,2011)	193
(p,3)	639
(p,4)	509
(p,age)	49
(p,american)	85
(p,april)	182
(p,city)	58
(p,county)	29
(p,first)	122
(p,history)	203
(p,i)	531
(p,january)	118
(p,john)	271
(p,known)	22
(p,made)	22
(p,march)	132
(p,national)	53
(p,north)	35
(p,october)	128
(p,other)	107
(p,p)	2006
(p,part)	51
(p,people)	32
(p,population)	17
(p,quot)	2486
(p,s)	1247
(p,school)	51
(p,september)	132
(p,south)	28
(p,state)	66
(p,states)	71
(p,this)	374
(p,three)	40
(p,time)	76
(p,two)	95
(p,united)	38
(p,university)	387
(p,used)	36
(p,war)	133
(p,world)	92
(p,year)	48
(p,years)	88
(p,york)	200
(part,1)	499
(part,2)	442
(part,2006)	36
(part,2007)	36
(part,2008)	41
(part,2009)	44
(part,2010)	39
(part,2011)	67
(part,3)	174
(part,4)	91
(part,age)	10
(part,american)	40
(part,april)	22
(part,city)	216
(part,county)	326
(part,first)	242
(part,history)	77
(part,i)	213
(part,january)	26
(part,john)	16
(part,known)	17
(part,made)	63
(part,march)	16
(part,national)	269
(part,north)	129
(part,october)	16
(part,other)	51
(part,p)	51
(part,part)	198
(part,people)	32
(part,population)	19
(part,quot)	782
(part,s)	251
(part,school)	64
(part,september)	15
(part,south)	134
(part,state)	116
(part,states)	75
(part,this)	397
(part,three)	80
(part,time)	280
(part,two)	200
(part,united)	85
(part,university)	52
(part,used)	42
(part,war)	73
(part,world)	76
(part,year)	43
(part,years)	37
(part,york)	26
(people,1)	1147
(people,2)	741
(people,2006)	51
(people,2007)	63
(people,2008)	71
(people,2009)	81
(people,2010)	86
(people,2011)	80
(people,3)	522
(people,4)	442
(people,age)	47
(people,american)	664
(people,april)	60
(people,city)	114
(people,county)	287
(people,first)	83
(people,history)	111
(people,i)	104
(people,january)	27
(people,john)	41
(people,known)	64
(people,made)	54
(people,march)	38
(people,national)	64
(people,north)	79
(people,october)	23
(people,other)	354
(people,p)	32
(people,part)	32
(people,people)	1056
(people,population)	48
(people,quot)	1050
(people,s)	1875
(people,school)	80
(people,september)	41
(people,south)	78
(people,state)	57
(people,states)	101
(people,this)	219
(people,three)	80
(people,time)	91
(people,two)	153
(people,united)	135
(people,university)	126
(people,used)	74
(people,war)	107
(people,world)	109
(people,year)	47
(people,years)	72
(people,york)	79
(population,1)	1195
(population,2)	694
(population,2006)	97
(population,2007)	70
(population,2008)	59
(population,2009)	103
(population,2010)	478
(population,2011)	117
(population,3)	527
(population,4)	443
(population,age)	56
(population,american)	65
(population,april)	17
(population,city)	1319
(population,county)	695
(population,first)	23
(population,history)	68
(population,i)	51
(population,january)	16
(population,john)	3
(population,known)	14
(population,made)	19
(population,march)	13
(population,national)	33
(population,north)	26
(population,october)	2
(population,other)	47
(population,p)	17
(population,part)	19
(population,people)	48
(population,population)	382
(population,quot)	114
(population,s)	742
(population,school)	21
(population,september)	8
(population,south)	35
(population,state)	73
(population,states)	663
(population,this)	111
(population,three)	14
(population,time)	28
(population,two)	17
(population,united)	582
(population,university)	12
(population,used)	14
(population,war)	26
(population,world)	90
(population,year)	100
(population,years)	52
(population,york)	22
(quot,1)	2313
(quot,2)	2572
(quot,2006)	811
(quot,2007)	948
(quot,2008)	966
(quot,2009)	914
(quot,2010)	978
(quot,2011)	1165
(quot,3)	1784
(quot,4)	1370
(quot,age)	348
(quot,american)	1188
(quot,april)	616
(quot,city)	1228
(quot,county)	419
(quot,first)	1794
(quot,history)	1166
(quot,i)	5201
(quot,january)	560
(quot,john)	1342
(quot,known)	1813
(quot,made)	606
(quot,march)	748
(quot,national)	791
(quot,north)	387
(quot,october)	572
(quot,other)	1332
(quot,p)	2486
(quot,part)	782
(quot,people)	1050
(quot,population)	114
(quot,quot)	154210
(quot,s)	11692
(quot,school)	732
(quot,september)	607
(quot,south)	439
(quot,state)	840
(quot,states)	945
(quot,this)	3415
(quot,three)	878
(quot,time)	1743
(quot,two)	1294
(quot,united)	792
(quot,university)	514
(quot,used)	1228
(quot,war)	923
(quot,world)	1728
(quot,year)	747
(quot,years)	670
(quot,york)	1061
(s,1)	1618
(s,2)	1360
(s,2006)	475
(s,2007)	502
(s,2008)	584
(s,2009)	518
(s,2010)	735
(s,2011)	582
(s,3)	997
(s,4)	640
(s,age)	183
(s,american)	812
(s,april)	221
(s,city)	1980
(s,county)	797
(s,first)	3075
(s,history)	1207
(s,i)	1286
(s,january)	202
(s,john)	1421
(s,known)	478
(s,made)	375
(s,march)	325
(s,national)	904
(s,north)	476
(s,october)	182
(s,other)	1308
(s,p)	1247
(s,part)	251
(s,people)	1875
(s,population)	742
(s,quot)	11692
(s,s)	9376
(s,school)	1277
(s,september)	184
(s,south)	435
(s,state)	1759
(s,states)	439
(s,this)	1297
(s,three)	547
(s,time)	772
(s,two)	1044
(s,united)	448
(s,university)	971
(s,used)	623
(s,war)	841
(s,world)	2981
(s,year)	914
(s,years)	351
(s,york)	716
(school,1)	118
(school,2)	85
(school,2006)	68
(school,2007)	81
(school,2008)	88
(school,2009)	108
(school,2010)	131
(school,2011)	105
(school,3)	74
(school,4)	86
(school,age)	95
(school,american)	99
(school,april)	33
(school,city)	211
(school,county)	364
(school,first)	246
(school,history)	98
(school,i)	58
(school,january)	23
(school,john)	100
(school,known)	50
(school,made)	13
(school,march)	14
(school,national)	172
(school,north)	161
(school,october)	23
(school,other)	89
(school,p)	51
(school,part)	64
(school,people)	80
(school,population)	21
(school,quot)	732
(school,s)	1277
(school,school)	2156
(school,september)	31
(school,south)	143
(school,state)	158
(school,states)	31
(school,this)	137
(school,three)	51
(school,time)	46
(school,two)	140
(school,united)	63
(school,university)	494
(school,used)	37
(school,war)	9
(school,world)	20
(school,year)	291
(school,years)	95
(school,york)	70
(september,1)	699
(september,2)	569
(september,2006)	671
(september,2007)	1116
(september,2008)	1169
(september,2009)	1409
(september,2010)	2520
(september,2011)	2143
(september,3)	538
(september,4)	389
(september,age)	12
(september,american)	76
(september,april)	258
(september,city)	74
(september,county)	36
(september,first)	92
(september,history)	78
(september,i)	28
(september,january)	213
(september,john)	53
(september,known)	13
(september,made)	16
(september,march)	231
(september,national)	53
(september,north)	32
(september,october)	324
(september,other)	34
(september,p)	132
(september,part)	15
(september,people)	41
(september,population)	8
(september,quot)	607
(september,s)	184
(september,school)	31
(september,september)	702
(september,south)	20
(september,state)	41
(september,states)	79
(september,this)	125
(september,three)	25
(september,time)	61
(september,two)	46
(september,united)	77
(september,university)	70
(september,used)	6
(september,war)	51
(september,world)	63
(september,year)	75
(september,years)	34
(september,york)	187
(south,1)	183
(south,2)	159
(south,2006)	27
(south,2007)	46
(south,2008)	44
(south,2009)	57
(south,2010)	61
(south,2011)	58
(south,3)	109
(south,4)	86
(south,age)	2
(south,american)	237
(south,april)	22
(south,city)	235
(south,county)	756
(south,first)	50
(south,history)	104
(south,i)	62
(south,january)	33
(south,john)	36
(south,known)	27
(south,made)	27
(south,march)	31
(south,national)	67
(south,north)	1092
(south,october)	28
(south,other)	79
(south,p)	28
(south,part)	134
(south,people)	78
(south,population)	35
(south,quot)	439
(south,s)	435
(south,school)	143
(south,september)	20
(south,south)	556
(south,state)	135
(south,states)	132
(south,this)	95
(south,three)	26
(south,time)	29
(south,two)	71
(south,united)	98
(south,university)	220
(south,used)	27
(south,war)	69
(south,world)	60
(south,year)	12
(south,years)	19
(south,york)	32
(state,1)	153
(state,2)	116
(state,2006)	78
(state,2007)	96
(state,2008)	90
(state,2009)	111
(state,2010)	172
(state,2011)	138
(state,3)	79
(state,4)	71
(state,age)	7
(state,american)	87
(state,april)	44
(state,city)	283
(state,county)	712
(state,first)	182
(state,history)	174
(state,i)	117
(state,january)	55
(state,john)	55
(state,known)	61
(state,made)	33
(state,march)	52
(state,national)	165
(state,north)	250
(state,october)	25
(state,other)	126
(state,p)	66
(state,part)	116
(state,people)	57
(state,population)	73
(state,quot)	840
(state,s)	1759
(state,school)	158
(state,september)	41
(state,south)	135
(state,state)	670
(state,states)	471
(state,this)	232
(state,three)	53
(state,time)	58
(state,two)	104
(state,united)	440
(state,university)	1580
(state,used)	28
(state,war)	110
(state,world)	30
(state,year)	47
(state,years)	40
(state,york)	1234
(states,1)	144
(states,2)	215
(states,2006)	81
(states,2007)	122
(states,2008)	111
(states,2009)	77
(states,2010)	379
(states,2011)	217
(states,3)	118
(states,4)	77
(states,age)	14
(states,american)	347
(states,april)	50
(states,city)	201
(states,county)	955
(states,first)	132
(states,history)	158
(states,i)	86
(states,january)	88
(states,john)	64
(states,known)	26
(states,made)	39
(states,march)	59
(states,national)	270
(states,north)	183
(states,october)	54
(states,other)	294
(states,p)	71
(states,part)	75
(states,people)	101
(states,population)	663
(states,quot)	945
(states,s)	439
(states,school)	31
(states,september)	79
(states,south)	132
(states,state)	471
(states,states)	448
(states,this)	176
(states,three)	65
(states,time)	55
(states,two)	140
(states,united)	21850
(states,university)	89
(states,used)	32
(states,war)	188
(states,world)	141
(states,year)	46
(states,years)	50
(states,york)	336
(this,1)	370
(this,2)	341
(this,2006)	150
(this,2007)	202
(this,2008)	223
(this,2009)	239
(this,2010)	306
(this,2011)	308
(this,3)	259
(this,4)	197
(this,age)	89
(this,american)	89
(this,april)	128
(this,city)	230
(this,county)	97
(this,first)	719
(this,history)	154
(this,i)	444
(this,january)	109
(this,john)	66
(this,known)	403
(this,made)	388
(this,march)	114
(this,national)	85
(this,north)	103
(this,october)	114
(this,other)	447
(this,p)	374
(this,part)	397
(this,people)	219
(this,population)	111
(this,quot)	3415
(this,s)	1297
(this,school)	137
(this,september)	125
(this,south)	95
(this,state)	232
(this,states)	176
(this,this)	486
(this,three)	143
(this,time)	2276
(this,two)	269
(this,united)	106
(this,university)	85
(this,used)	574
(this,war)	222
(this,world)	274
(this,year)	414
(this,years)	235
(this,york)	67
(three,1)	104
(three,2)	64
(three,2006)	33
(three,2007)	48
(three,2008)	37
(three,2009)	38
(three,2010)	37
(three,2011)	54
(three,3)	68
(three,4)	42
(three,age)	46
(three,american)	42
(three,april)	28
(three,city)	71
(three,county)	47
(three,first)	422
(three,history)	26
(three,i)	60
(three,january)	20
(three,john)	26
(three,known)	55
(three,made)	89
(three,march)	34
(three,national)	56
(three,north)	62
(three,october)	29
(three,other)	244
(three,p)	40
(three,part)	80
(three,people)	80
(three,population)	14
(three,quot)	878
(three,s)	547
(three,school)	51
(three,september)	25
(three,south)	26
(three,state)	53
(three,states)	65
(three,this)	143
(three,three)	184
(three,time)	123
(three,two)	539
(three,united)	25
(three,university)	21
(three,used)	58
(three,war)	26
(three,world)	81
(three,year)	309
(three,years)	1004
(three,york)	31
(time,1)	239
(time,2)	175
(time,2006)	106
(time,2007)	112
(time,2008)	110
(time,2009)	108
(time,2010)	111
(time,2011)	124
(time,3)	129
(time,4)	127
(time,age)	25
(time,american)	73
(time,april)	89
(time,city)	84
(time,county)	44
(time,first)	1662
(time,history)	175
(time,i)	165
(time,january)	56
(time,john)	37
(time,known)	118
(time,made)	87
(time,march)	64
(time,national)	41
(time,north)	14
(time,october)	74
(time,other)	145
(time,p)	76
(time,part)	280
(time,people)	91
(time,population)	28
(time,quot)	1743
(time,s)	772
(time,school)	46
(time,september)	61
(time,south)	29
(time,state)	58
(time,states)	55
(time,this)	2276
(time,three)	123
(time,time)	1334
(time,two)	226
(time,united)	46
(time,university)	49
(time,used)	96
(time,war)	118
(time,world)	232
(time,year)	122
(time,years)	193
(time,york)	65
(two,1)	675
(two,2)	428
(two,2006)	54
(two,2007)	83
(two,2008)	85
(two,2009)	64
(two,2010)	97
(two,2011)	99
(two,3)	259
(two,4)	172
(two,age)	36
(two,american)	81
(two,april)	60
(two,city)	136
(two,county)	78
(two,first)	769
(two,history)	36
(two,i)	104
(two,january)	43
(two,john)	55
(two,known)	83
(two,made)	173
(two,march)	43
(two,national)	71
(two,north)	83
(two,october)	45
(two,other)	642
(two,p)	95
(two,part)	200
(two,people)	153
(two,population)	17
(two,quot)	1294
(two,s)	1044
(two,school)	140
(two,september)	46
(two,south)	71
(two,state)	104
(two,states)	140
(two,this)	269
(two,three)	539
(two,time)	226
(two,two)	432
(two,united)	48
(two,university)	49
(two,used)	145
(two,war)	143
(two,world)	165
(two,year)	397
(two,years)	1452
(two,york)	30
(united,1)	269
(united,2)	278
(united,2006)	106
(united,2007)	129
(united,2008)	153
(united,2009)	148
(united,2010)	443
(united,2011)	302
(united,3)	148
(united,4)	109
(united,age)	7
(united,american)	251
(united,april)	71
(united,city)	249
(united,county)	963
(united,first)	138
(united,history)	305
(united,i)	63
(united,january)	78
(united,john)	78
(united,known)	31
(united,made)	34
(united,march)	84
(united,national)	292
(united,north)	148
(united,october)	78
(united,other)	75
(united,p)	38
(united,part)	85
(united,people)	135
(united,population)	582
(united,quot)	792
(united,s)	448
(united,school)	63
(united,september)	77
(united,south)	98
(united,state)	440
(united,states)	21850
(united,this)	106
(united,three)	25
(united,time)	46
(united,two)	48
(united,united)	666
(united,university)	160
(united,used)	64
(united,war)	176
(united,world)	153
(united,year)	45
(united,years)	36
(united,york)	336
(university,1)	178
(university,2)	141
(university,2006)	304
(university,2007)	332
(university,2008)	298
(university,2009)	278
(university,2010)	308
(university,2011)	365
(university,3)	104
(university,4)	82
(university,age)	26
(university,american)	217
(university,april)	86
(university,city)	214
(university,county)	53
(university,first)	149
(university,history)	288
(university,i)	64
(university,january)	62
(university,john)	153
(university,known)	44
(university,made)	7
(university,march)	72
(university,national)	365
(university,north)	411
(university,october)	65
(university,other)	85
(university,p)	387
(university,part)	52
(university,people)	126
(university,population)	12
(university,quot)	514
(university,s)	971
(university,school)	494
(university,september)	70
(university,south)	220
(university,state)	1580
(university,states)	89
(university,this)	85
(university,three)	21
(university,time)	49
(university,two)	49
(university,united)	160
(university,university)	2130
(university,used)	23
(university,war)	81
(university,world)	251
(university,year)	82
(university,years)	45
(university,york)	730
(used,1)	69
(used,2)	65
(used,2006)	17
(used,2007)	24
(used,2008)	28
(used,2009)	21
(used,2010)	32
(used,2011)	33
(used,3)	48
(used,4)	37
(used,age)	7
(used,american)	46
(used,april)	8
(used,city)	43
(used,county)	23
(used,first)	311
(used,history)	24
(used,i)	103
(used,january)	14
(used,john)	26
(used,known)	28
(used,made)	20
(used,march)	9
(used,national)	20
(used,north)	37
(used,october)	9
(used,other)	274
(used,p)	36
(used,part)	42
(used,people)	74
(used,population)	14
(used,quot)	1228
(used,s)	623
(used,school)	37
(used,september)	6
(used,south)	27
(used,state)	28
(used,states)	32
(used,this)	574
(used,three)	58
(used,time)	96
(used,two)	145
(used,united)	64
(used,university)	23
(used,used)	28
(used,war)	81
(used,world)	86
(used,year)	62
(used,years)	55
(used,york)	10
(war,1)	94
(war,2)	99
(war,2006)	40
(war,2007)	47
(war,2008)	64
(war,2009)	47
(war,2010)	50
(war,2011)	67
(war,3)	63
(war,4)	42
(war,age)	15
(war,american)	1009
(war,april)	51
(war,city)	52
(war,county)	38
(war,first)	739
(war,history)	176
(war,i)	1409
(war,january)	40
(war,john)	70
(war,known)	49
(war,made)	51
(war,march)	43
(war,national)	70
(war,north)	58
(war,october)	39
(war,other)	98
(war,p)	133
(war,part)	73
(war,people)	107
(war,population)	26
(war,quot)	923
(war,s)	841
(war,school)	9
(war,september)	51
(war,south)	69
(war,state)	110
(war,states)	188
(war,this)	222
(war,three)	26
(war,time)	118
(war,two)	143
(war,united)	176
(war,university)	81
(war,used)	81
(war,war)	714
(war,world)	5508
(war,year)	68
(war,years)	487
(war,york)	72
(world,1)	422
(world,2)	232
(world,2006)	222
(world,2007)	204
(world,2008)	228
(world,2009)	226
(world,2010)	345
(world,2011)	251
(world,3)	119
(world,4)	83
(world,age)	31
(world,american)	123
(world,april)	61
(world,city)	117
(world,county)	18
(world,first)	836
(world,history)	269
(world,i)	1394
(world,january)	52
(world,john)	63
(world,known)	84
(world,made)	56
(world,march)	65
(world,national)	77
(world,north)	38
(world,october)	66
(world,other)	121
(world,p)	92
(world,part)	76
(world,people)	109
(world,population)	90
(world,quot)	1728
(world,s)	2981
(world,school)	20
(world,september)	63
(world,south)	60
(world,state)	30
(world,states)	141
(world,this)	274
(world,three)	81
(world,time)	232
(world,two)	165
(world,united)	153
(world,university)	251
(world,used)	86
(world,war)	5508
(world,world)	444
(world,year)	104
(world,years)	84
(world,york)	103
(year,1)	345
(year,2)	190
(year,2006)	100
(year,2007)	145
(year,2008)	180
(year,2009)	149
(year,2010)	176
(year,2011)	201
(year,3)	164
(year,4)	159
(year,age)	32
(year,american)	44
(year,april)	70
(year,city)	83
(year,county)	28
(year,first)	506
(year,history)	89
(year,i)	46
(year,january)	81
(year,john)	40
(year,known)	51
(year,made)	66
(year,march)	65
(year,national)	62
(year,north)	15
